id,label
0,2
1,0
2,0
3,2
4,2
5,2
6,0
7,0
8,2
9,2
10,2
11,0
12,3
13,3
14,3
15,0
16,2
17,0
18,2
19,2
20,2
21,2
22,0
23,2
24,0
25,3
26,3
27,3
28,3
29,2
30,3
31,3
32,3
33,1
34,2
35,0
36,3
37,0
38,3
39,3
40,0
41,0
42,2
43,1
44,2
45,3
46,3
47,3
48,0
49,3
50,0
51,1
52,3
53,2
54,0
55,0
56,2
57,2
58,0
59,1
60,1
61,1
62,0
63,0
64,1
65,0
66,0
67,2
68,0
69,2
70,0
71,3
72,0
73,1
74,0
75,1
76,2
77,3
78,0
79,3
80,2
81,1
82,2
83,1
84,1
85,3
86,1
87,3
88,0
89,3
90,3
91,1
92,1
93,0
94,3
95,0
96,0
97,1
98,3
99,0
100,1
101,2
102,2
103,1
104,0
105,3
106,3
107,3
108,2
109,2
110,3
111,3
112,1
113,3
114,3
115,0
116,3
117,0
118,2
119,2
120,3
121,3
122,0
123,2
124,2
125,3
126,0
127,0
128,2
129,0
130,0
131,3
132,1
133,0
134,0
135,1
136,2
137,0
138,2
139,2
140,0
141,0
142,2
143,3
144,0
145,0
146,3
147,3
148,2
149,3
150,3
151,1
152,1
153,2
154,1
155,0
156,3
157,3
158,0
159,1
160,0
161,3
162,3
163,3
164,0
165,2
166,2
167,1
168,1
169,2
170,3
171,3
172,0
173,3
174,0
175,2
176,1
177,1
178,1
179,3
180,3
181,0
182,3
183,0
184,1
185,3
186,3
187,1
188,0
189,2
190,3
191,1
192,1
193,3
194,3
195,1
196,3
197,0
198,1
199,3
200,1
201,1
202,3
203,0
204,1
205,2
206,1
207,0
208,0
209,0
210,3
211,0
212,2
213,3
214,0
215,2
216,2
217,1
218,2
219,3
220,3
221,1
222,1
223,0
224,3
225,1
226,2
227,3
228,1
229,2
230,3
231,2
232,2
233,1
234,0
235,2
236,0
237,0
238,2
239,0
240,2
241,1
242,0
243,0
244,0
245,2
246,0
247,1
248,0
249,3
250,1
251,3
252,1
253,0
254,0
255,0
256,3
257,0
258,1
259,3
260,0
261,1
262,3
263,0
264,0
265,0
266,2
267,1
268,1
269,2
270,1
271,2
272,2
273,2
274,2
275,3
276,1
277,0
278,3
279,2
280,1
281,3
282,3
283,3
284,0
285,0
286,1
287,0
288,0
289,2
290,0
291,0
292,3
293,0
294,2
295,3
296,3
297,1
298,0
299,3
300,2
301,3
302,3
303,1
304,3
305,1
306,3
307,0
308,1
309,3
310,0
311,1
312,3
313,0
314,0
315,0
316,1
317,0
318,1
319,3
320,3
321,3
322,3
323,1
324,3
325,1
326,3
327,3
328,3
329,1
330,2
331,0
332,3
333,2
334,3
335,2
336,1
337,1
338,0
339,0
340,3
341,3
342,3
343,2
344,1
345,0
346,0
347,1
348,3
349,1
350,3
351,0
352,3
353,3
354,3
355,3
356,2
357,2
358,0
359,0
360,0
361,3
362,2
363,3
364,0
365,3
366,3
367,2
368,3
369,1
370,3
371,2
372,3
373,1
374,3
375,3
376,1
377,2
378,3
379,0
380,1
381,1
382,3
383,0
384,3
385,1
386,1
387,1
388,3
389,0
390,3
391,2
392,0
393,0
394,0
395,0
396,0
397,2
398,2
399,3
400,3
401,1
402,1
403,0
404,1
405,2
406,0
407,3
408,0
409,0
410,3
411,2
412,2
413,0
414,0
415,0
416,3
417,3
418,2
419,1
420,0
421,3
422,0
423,2
424,3
425,0
426,1
427,3
428,1
429,0
430,0
431,0
432,1
433,2
434,0
435,0
436,0
437,1
438,0
439,3
440,3
441,3
442,3
443,3
444,1
445,3
446,0
447,3
448,1
449,2
450,3
451,3
452,3
453,1
454,0
455,3
456,0
457,2
458,1
459,3
460,3
461,3
462,3
463,0
464,2
465,1
466,2
467,3
468,1
469,2
470,1
471,0
472,1
473,1
474,1
475,1
476,2
477,0
478,0
479,3
480,3
481,0
482,1
483,3
484,2
485,2
486,1
487,3
488,1
489,1
490,0
491,3
492,2
493,0
494,0
495,1
496,0
497,0
498,3
499,2
500,0
501,0
502,3
503,0
504,0
505,3
506,0
507,3
508,2
509,1
510,3
511,0
512,0
513,3
514,2
515,2
516,1
517,0
518,2
519,2
520,0
521,0
522,1
523,0
524,3
525,0
526,0
527,0
528,3
529,2
530,1
531,0
532,3
533,2
534,0
535,1
536,3
537,0
538,1
539,2
540,0
541,2
542,0
543,0
544,2
545,0
546,3
547,2
548,2
549,1
550,3
551,0
552,0
553,0
554,3
555,0
556,3
557,2
558,0
559,2
560,2
561,0
562,3
563,2
564,0
565,2
566,3
567,1
568,1
569,0
570,0
571,3
572,1
573,0
574,1
575,3
576,0
577,0
578,3
579,2
580,1
581,3
582,2
583,2
584,2
585,3
586,2
587,2
588,3
589,0
590,1
591,3
592,1
593,2
594,3
595,1
596,0
597,0
598,1
599,3
600,0
601,0
602,1
603,3
604,0
605,3
606,0
607,0
608,0
609,1
610,0
611,2
612,3
613,3
614,2
615,3
616,0
617,1
618,3
619,3
620,2
621,1
622,3
623,2
624,3
625,0
626,3
627,3
628,1
629,2
630,1
631,2
632,0
633,0
634,2
635,2
636,2
637,0
638,3
639,3
640,3
641,3
642,3
643,3
644,3
645,2
646,3
647,3
648,1
649,3
650,0
651,0
652,3
653,0
654,0
655,2
656,0
657,3
658,2
659,0
660,1
661,0
662,3
663,0
664,3
665,2
666,3
667,0
668,3
669,0
670,1
671,3
672,2
673,1
674,1
675,3
676,0
677,1
678,0
679,3
680,2
681,1
682,1
683,2
684,0
685,1
686,1
687,0
688,3
689,1
690,0
691,0
692,3
693,2
694,1
695,3
696,0
697,3
698,0
699,1
700,0
701,0
702,0
703,2
704,0
705,1
706,0
707,3
708,1
709,1
710,0
711,3
712,0
713,1
714,2
715,2
716,0
717,0
718,2
719,2
720,0
721,3
722,2
723,3
724,0
725,1
726,3
727,0
728,2
729,0
730,3
731,1
732,3
733,3
734,3
735,0
736,3
737,0
738,2
739,2
740,1
741,1
742,0
743,0
744,1
745,3
746,0
747,2
748,0
749,2
750,3
751,0
752,3
753,3
754,0
755,2
756,3
757,0
758,1
759,1
760,3
761,3
762,2
763,2
764,0
765,0
766,3
767,3
768,2
769,0
770,3
771,3
772,0
773,1
774,1
775,0
776,2
777,0
778,3
779,2
780,3
781,0
782,0
783,1
784,3
785,2
786,3
787,3
788,2
789,0
790,3
791,2
792,1
793,1
794,3
795,1
796,3
797,3
798,2
799,0
800,3
801,2
802,0
803,3
804,3
805,1
806,3
807,2
808,3
809,0
810,0
811,0
812,2
813,2
814,0
815,1
816,1
817,0
818,1
819,1
820,0
821,0
822,3
823,0
824,0
825,2
826,2
827,3
828,2
829,3
830,0
831,2
832,0
833,0
834,1
835,3
836,2
837,2
838,3
839,3
840,3
841,2
842,0
843,0
844,2
845,0
846,0
847,3
848,2
849,0
850,0
851,1
852,0
853,2
854,3
855,0
856,1
857,1
858,1
859,1
860,1
861,2
862,3
863,2
864,3
865,3
866,0
867,0
868,1
869,3
870,3
871,3
872,0
873,2
874,3
875,1
876,3
877,1
878,2
879,3
880,3
881,3
882,3
883,0
884,2
885,1
886,1
887,0
888,2
889,3
890,0
891,1
892,3
893,0
894,2
895,3
896,3
897,0
898,3
899,0
900,0
901,3
902,0
903,3
904,2
905,1
906,3
907,3
908,3
909,1
910,1
911,3
912,3
913,2
914,2
915,0
916,0
917,1
918,1
919,0
920,0
921,3
922,3
923,3
924,2
925,2
926,0
927,2
928,1
929,1
930,0
931,2
932,3
933,3
934,3
935,1
936,1
937,0
938,2
939,0
940,2
941,2
942,2
943,2
944,2
945,0
946,3
947,0
948,3
949,2
950,2
951,1
952,0
953,2
954,1
955,0
956,3
957,3
958,0
959,0
960,0
961,2
962,3
963,2
964,1
965,0
966,3
967,2
968,2
969,0
970,2
971,0
972,3
973,1
974,0
975,3
976,1
977,3
978,2
979,3
980,1
981,0
982,0
983,0
984,3
985,0
986,0
987,0
988,0
989,0
990,2
991,2
992,0
993,3
994,0
995,3
996,0
997,3
998,2
999,1
1000,0
1001,0
1002,3
1003,1
1004,0
1005,3
1006,3
1007,3
1008,0
1009,2
1010,3
1011,2
1012,0
1013,3
1014,2
1015,3
1016,3
1017,0
1018,0
1019,3
1020,0
1021,2
1022,0
1023,3
1024,2
1025,3
1026,0
1027,2
1028,0
1029,3
1030,0
1031,3
1032,2
1033,0
1034,3
1035,1
1036,3
1037,1
1038,0
1039,0
1040,3
1041,3
1042,3
1043,3
1044,1
1045,3
1046,1
1047,0
1048,1
1049,1
1050,3
1051,3
1052,0
1053,1
1054,3
1055,0
1056,3
1057,1
1058,2
1059,0
1060,0
1061,3
1062,2
1063,2
1064,2
1065,0
1066,3
1067,0
1068,0
1069,0
1070,3
1071,0
1072,1
1073,3
1074,2
1075,3
1076,3
1077,3
1078,1
1079,1
1080,1
1081,3
1082,1
1083,3
1084,0
1085,0
1086,2
1087,1
1088,2
1089,2
1090,1
1091,0
1092,0
1093,1
1094,3
1095,2
1096,3
1097,2
1098,3
1099,3
1100,0
1101,0
1102,0
1103,3
1104,3
1105,0
1106,2
1107,2
1108,0
1109,2
1110,2
1111,2
1112,1
1113,3
1114,0
1115,3
1116,3
1117,1
1118,3
1119,3
1120,0
1121,3
1122,2
1123,0
1124,0
1125,1
1126,0
1127,3
1128,3
1129,3
1130,3
1131,1
1132,2
1133,0
1134,2
1135,3
1136,2
1137,3
1138,2
1139,1
1140,0
1141,2
1142,3
1143,3
1144,2
1145,3
1146,0
1147,0
1148,3
1149,0
1150,3
1151,0
1152,0
1153,3
1154,0
1155,3
1156,1
1157,2
1158,2
1159,3
1160,3
1161,2
1162,3
1163,3
1164,1
1165,1
1166,0
1167,1
1168,0
1169,0
1170,0
1171,2
1172,3
1173,0
1174,2
1175,2
1176,0
1177,1
1178,2
1179,0
1180,1
1181,0
1182,2
1183,1
1184,0
1185,0
1186,0
1187,3
1188,3
1189,0
1190,0
1191,1
1192,0
1193,2
1194,3
1195,1
1196,2
1197,0
1198,2
1199,0
1200,0
1201,1
1202,0
1203,0
1204,2
1205,3
1206,3
1207,3
1208,3
1209,1
1210,0
1211,1
1212,3
1213,2
1214,1
1215,0
1216,0
1217,0
1218,3
1219,2
1220,3
1221,3
1222,0
1223,2
1224,0
1225,2
1226,0
1227,0
1228,0
1229,0
1230,0
1231,2
1232,0
1233,1
1234,0
1235,2
1236,2
1237,2
1238,0
1239,3
1240,0
1241,3
1242,3
1243,3
1244,1
1245,1
1246,3
1247,3
1248,0
1249,3
1250,0
1251,2
1252,1
1253,0
1254,1
1255,2
1256,0
1257,1
1258,2
1259,0
1260,3
1261,3
1262,0
1263,0
1264,3
1265,2
1266,0
1267,0
1268,2
1269,3
1270,0
1271,3
1272,3
1273,2
1274,3
1275,1
1276,0
1277,2
1278,2
1279,1
1280,1
1281,2
1282,3
1283,0
1284,3
1285,1
1286,3
1287,0
1288,1
1289,3
1290,0
1291,3
1292,2
1293,2
1294,0
1295,3
1296,3
1297,0
1298,3
1299,2
1300,0
1301,0
1302,0
1303,1
1304,2
1305,3
1306,2
1307,2
1308,2
1309,1
1310,3
1311,1
1312,0
1313,0
1314,3
1315,0
1316,2
1317,2
1318,3
1319,2
1320,0
1321,3
1322,2
1323,3
1324,1
1325,0
1326,1
1327,3
1328,0
1329,3
1330,1
1331,3
1332,0
1333,3
1334,0
1335,2
1336,0
1337,2
1338,3
1339,3
1340,1
1341,3
1342,0
1343,0
1344,2
1345,0
1346,2
1347,1
1348,0
1349,0
1350,1
1351,0
1352,2
1353,3
1354,2
1355,3
1356,1
1357,2
1358,3
1359,0
1360,2
1361,3
1362,3
1363,3
1364,3
1365,1
1366,0
1367,0
1368,2
1369,2
1370,2
1371,0
1372,0
1373,2
1374,0
1375,0
1376,0
1377,1
1378,1
1379,0
1380,2
1381,3
1382,3
1383,0
1384,3
1385,0
1386,1
1387,2
1388,0
1389,3
1390,3
1391,3
1392,3
1393,2
1394,3
1395,2
1396,3
1397,0
1398,3
1399,0
1400,0
1401,2
1402,3
1403,1
1404,3
1405,0
1406,3
1407,0
1408,3
1409,0
1410,3
1411,0
1412,3
1413,0
1414,0
1415,3
1416,2
1417,2
1418,3
1419,3
1420,3
1421,3
1422,3
1423,0
1424,2
1425,0
1426,2
1427,3
1428,3
1429,3
1430,3
1431,0
1432,0
1433,0
1434,3
1435,3
1436,1
1437,0
1438,3
1439,3
1440,0
1441,2
1442,1
1443,1
1444,0
1445,3
1446,1
1447,1
1448,3
1449,3
1450,0
1451,2
1452,0
1453,1
1454,2
1455,1
1456,2
1457,2
1458,3
1459,3
1460,0
1461,0
1462,0
1463,3
1464,3
1465,3
1466,0
1467,0
1468,0
1469,3
1470,3
1471,3
1472,2
1473,2
1474,3
1475,3
1476,0
1477,0
1478,3
1479,0
1480,3
1481,3
1482,3
1483,1
1484,2
1485,2
1486,3
1487,3
1488,3
1489,3
1490,0
1491,3
1492,1
1493,0
1494,2
1495,3
1496,0
1497,2
1498,0
1499,0
1500,0
1501,2
1502,0
1503,3
1504,2
1505,1
1506,1
1507,3
1508,3
1509,0
1510,0
1511,0
1512,1
1513,3
1514,3
1515,0
1516,3
1517,0
1518,1
1519,0
1520,0
1521,0
1522,3
1523,0
1524,0
1525,3
1526,2
1527,0
1528,3
1529,3
1530,0
1531,0
1532,0
1533,2
1534,3
1535,2
1536,2
1537,2
1538,3
1539,1
1540,3
1541,0
1542,2
1543,0
1544,2
1545,3
1546,3
1547,1
1548,3
1549,3
1550,3
1551,2
1552,3
1553,2
1554,1
1555,0
1556,2
1557,3
1558,2
1559,0
1560,3
1561,0
1562,3
1563,3
1564,0
1565,0
1566,2
1567,0
1568,3
1569,1
1570,0
1571,1
1572,0
1573,0
1574,1
1575,2
1576,0
1577,1
1578,2
1579,3
1580,2
1581,3
1582,2
1583,2
1584,0
1585,0
1586,3
1587,3
1588,0
1589,2
1590,0
1591,0
1592,3
1593,2
1594,3
1595,3
1596,2
1597,2
1598,2
1599,3
1600,2
1601,2
1602,0
1603,3
1604,3
1605,1
1606,2
1607,0
1608,2
1609,0
1610,3
1611,0
1612,1
1613,3
1614,3
1615,0
1616,3
1617,3
1618,0
1619,0
1620,0
1621,0
1622,0
1623,1
1624,0
1625,3
1626,0
1627,3
1628,3
1629,3
1630,2
1631,2
1632,0
1633,3
1634,0
1635,3
1636,2
1637,2
1638,2
1639,3
1640,2
1641,3
1642,3
1643,1
1644,2
1645,1
1646,1
1647,2
1648,1
1649,3
1650,2
1651,0
1652,3
1653,1
1654,3
1655,0
1656,3
1657,3
1658,3
1659,2
1660,2
1661,1
1662,3
1663,2
1664,3
1665,0
1666,3
1667,1
1668,1
1669,0
1670,1
1671,3
1672,0
1673,0
1674,3
1675,3
1676,1
1677,2
1678,0
1679,1
1680,2
1681,2
1682,0
1683,2
1684,3
1685,3
1686,1
1687,0
1688,0
1689,1
1690,3
1691,3
1692,3
1693,3
1694,3
1695,2
1696,3
1697,1
1698,0
1699,1
1700,2
1701,3
1702,1
1703,0
1704,0
1705,1
1706,2
1707,1
1708,0
1709,3
1710,3
1711,1
1712,1
1713,2
1714,3
1715,0
1716,0
1717,0
1718,2
1719,2
1720,3
1721,3
1722,0
1723,0
1724,2
1725,0
1726,2
1727,0
1728,1
1729,3
1730,0
1731,0
1732,0
1733,3
1734,3
1735,3
1736,3
1737,2
1738,2
1739,1
1740,3
1741,3
1742,2
1743,2
1744,1
1745,3
1746,0
1747,0
1748,2
1749,2
1750,1
1751,1
1752,0
1753,3
1754,0
1755,2
1756,3
1757,3
1758,0
1759,1
1760,2
1761,3
1762,1
1763,2
1764,2
1765,3
1766,3
1767,1
1768,2
1769,1
1770,3
1771,0
1772,1
1773,1
1774,2
1775,3
1776,3
1777,1
1778,0
1779,0
1780,1
1781,2
1782,2
1783,0
1784,3
1785,2
1786,3
1787,0
1788,0
1789,3
1790,0
1791,0
1792,3
1793,1
1794,0
1795,0
1796,0
1797,3
1798,2
1799,0
1800,0
1801,1
1802,3
1803,2
1804,1
1805,0
1806,3
1807,3
1808,3
1809,1
1810,1
1811,0
1812,3
1813,3
1814,3
1815,1
1816,1
1817,0
1818,2
1819,3
1820,0
1821,2
1822,0
1823,1
1824,2
1825,3
1826,1
1827,2
1828,0
1829,3
1830,2
1831,0
1832,2
1833,0
1834,0
1835,3
1836,0
1837,3
1838,1
1839,3
1840,2
1841,0
1842,2
1843,0
1844,2
1845,3
1846,3
1847,1
1848,0
1849,0
1850,3
1851,0
1852,0
1853,0
1854,2
1855,2
1856,2
1857,3
1858,3
1859,2
1860,2
1861,1
1862,3
1863,2
1864,3
1865,2
1866,3
1867,1
1868,0
1869,1
1870,2
1871,3
1872,0
1873,3
1874,3
1875,3
1876,3
1877,1
1878,2
1879,3
1880,1
1881,3
1882,0
1883,1
1884,1
1885,3
1886,3
1887,0
1888,3
1889,3
1890,2
1891,2
1892,1
1893,0
1894,0
1895,1
1896,0
1897,0
1898,2
1899,3
1900,3
1901,0
1902,1
1903,3
1904,3
1905,1
1906,2
1907,3
1908,3
1909,3
1910,3
1911,2
1912,0
1913,3
1914,1
1915,0
1916,1
1917,0
1918,0
1919,1
1920,0
1921,0
1922,2
1923,0
1924,0
1925,2
1926,0
1927,3
1928,2
1929,0
1930,3
1931,3
1932,3
1933,1
1934,0
1935,3
1936,0
1937,0
1938,1
1939,1
1940,0
1941,0
1942,0
1943,0
1944,3
1945,3
1946,1
1947,3
1948,0
1949,1
1950,2
1951,0
1952,0
1953,1
1954,0
1955,3
1956,0
1957,0
1958,0
1959,2
1960,2
1961,0
1962,2
1963,3
1964,0
1965,0
1966,2
1967,2
1968,3
1969,0
1970,3
1971,0
1972,1
1973,0
1974,0
1975,3
1976,3
1977,0
1978,0
1979,1
1980,3
1981,0
1982,3
1983,0
1984,1
1985,3
1986,1
1987,2
1988,0
1989,0
1990,0
1991,0
1992,3
1993,1
1994,0
1995,1
1996,0
1997,3
1998,3
1999,3
2000,2
2001,3
2002,1
2003,0
2004,2
2005,2
2006,1
2007,0
2008,1
2009,1
2010,2
2011,3
2012,3
2013,2
2014,0
2015,1
2016,0
2017,2
2018,2
2019,3
2020,0
2021,0
2022,0
2023,3
2024,2
2025,3
2026,0
2027,0
2028,1
2029,3
2030,0
2031,3
2032,2
2033,3
2034,0
2035,0
2036,0
2037,3
2038,2
2039,0
2040,3
2041,0
2042,0
2043,3
2044,3
2045,0
2046,0
2047,1
2048,0
2049,3
2050,0
2051,0
2052,2
2053,2
2054,1
2055,3
2056,1
2057,3
2058,2
2059,0
2060,3
2061,3
2062,3
2063,3
2064,0
2065,3
2066,3
2067,1
2068,3
2069,2
2070,3
2071,3
2072,3
2073,2
2074,1
2075,3
2076,3
2077,2
2078,0
2079,1
2080,1
2081,3
2082,3
2083,0
2084,3
2085,0
2086,3
2087,2
2088,2
2089,2
2090,0
2091,2
2092,0
2093,1
2094,3
2095,2
2096,3
2097,2
2098,3
2099,3
2100,3
2101,3
2102,0
2103,2
2104,0
2105,3
2106,3
2107,0
2108,3
2109,3
2110,0
2111,2
2112,1
2113,3
2114,2
2115,2
2116,0
2117,0
2118,3
2119,0
2120,3
2121,3
2122,3
2123,3
2124,3
2125,3
2126,3
2127,0
2128,0
2129,0
2130,0
2131,0
2132,0
2133,3
2134,3
2135,2
2136,0
2137,2
2138,0
2139,2
2140,0
2141,0
2142,3
2143,1
2144,3
2145,0
2146,3
2147,3
2148,3
2149,1
2150,2
2151,1
2152,3
2153,3
2154,3
2155,1
2156,0
2157,3
2158,0
2159,2
2160,0
2161,3
2162,3
2163,1
2164,2
2165,2
2166,0
2167,3
2168,2
2169,3
2170,0
2171,3
2172,1
2173,1
2174,1
2175,2
2176,3
2177,3
2178,3
2179,2
2180,0
2181,3
2182,0
2183,2
2184,0
2185,1
2186,1
2187,0
2188,0
2189,3
2190,1
2191,2
2192,0
2193,3
2194,1
2195,3
2196,2
2197,1
2198,3
2199,2
2200,2
2201,1
2202,1
2203,3
2204,3
2205,0
2206,0
2207,3
2208,1
2209,3
2210,1
2211,0
2212,3
2213,3
2214,3
2215,1
2216,3
2217,3
2218,1
2219,0
2220,0
2221,0
2222,1
2223,3
2224,0
2225,1
2226,0
2227,3
2228,0
2229,1
2230,0
2231,1
2232,0
2233,2
2234,2
2235,2
2236,3
2237,1
2238,2
2239,2
2240,1
2241,3
2242,3
2243,2
2244,1
2245,3
2246,3
2247,2
2248,1
2249,0
2250,3
2251,3
2252,3
2253,1
2254,3
2255,2
2256,1
2257,3
2258,3
2259,1
2260,2
2261,0
2262,3
2263,3
2264,0
2265,0
2266,0
2267,0
2268,0
2269,3
2270,2
2271,2
2272,1
2273,3
2274,2
2275,0
2276,0
2277,3
2278,0
2279,1
2280,1
2281,0
2282,1
2283,2
2284,3
2285,3
2286,2
2287,0
2288,2
2289,3
2290,3
2291,0
2292,0
2293,2
2294,3
2295,3
2296,3
2297,3
2298,3
2299,2
2300,3
2301,0
2302,3
2303,2
2304,2
2305,0
2306,0
2307,2
2308,1
2309,0
2310,0
2311,0
2312,0
2313,2
2314,3
2315,0
2316,0
2317,1
2318,1
2319,0
2320,3
2321,3
2322,1
2323,3
2324,1
2325,1
2326,0
2327,1
2328,2
2329,2
2330,3
2331,1
2332,2
2333,1
2334,3
2335,2
2336,0
2337,0
2338,1
2339,1
2340,3
2341,0
2342,0
2343,2
2344,0
2345,0
2346,0
2347,0
2348,3
2349,0
2350,3
2351,3
2352,0
2353,0
2354,3
2355,2
2356,0
2357,1
2358,0
2359,0
2360,0
2361,1
2362,3
2363,3
2364,0
2365,0
2366,0
2367,3
2368,3
2369,3
2370,0
2371,1
2372,3
2373,3
2374,0
2375,2
2376,3
2377,1
2378,3
2379,3
2380,3
2381,0
2382,3
2383,2
2384,0
2385,3
2386,3
2387,0
2388,3
2389,3
2390,1
2391,0
2392,3
2393,0
2394,3
2395,0
2396,3
2397,0
2398,3
2399,2
2400,2
2401,0
2402,2
2403,1
2404,2
2405,1
2406,2
2407,2
2408,2
2409,0
2410,2
2411,2
2412,3
2413,0
2414,2
2415,0
2416,0
2417,0
2418,3
2419,3
2420,1
2421,3
2422,3
2423,0
2424,0
2425,2
2426,2
2427,0
2428,3
2429,3
2430,2
2431,3
2432,3
2433,0
2434,3
2435,0
2436,1
2437,3
2438,0
2439,3
2440,0
2441,3
2442,3
2443,3
2444,1
2445,1
2446,2
2447,2
2448,0
2449,0
2450,0
2451,0
2452,0
2453,3
2454,0
2455,3
2456,0
2457,0
2458,0
2459,2
2460,3
2461,1
2462,0
2463,3
2464,0
2465,1
2466,0
2467,2
2468,0
2469,2
2470,3
2471,0
2472,3
2473,0
2474,3
2475,3
2476,0
2477,3
2478,2
2479,0
2480,0
2481,1
2482,1
2483,3
2484,3
2485,2
2486,0
2487,3
2488,2
2489,0
2490,0
2491,2
2492,3
2493,3
2494,3
2495,3
2496,3
2497,0
2498,0
2499,3
2500,2
2501,3
2502,0
2503,3
2504,2
2505,3
2506,2
2507,3
2508,1
2509,1
2510,3
2511,3
2512,2
2513,0
2514,3
2515,3
2516,2
2517,1
2518,0
2519,0
2520,3
2521,0
2522,0
2523,2
2524,3
2525,1
2526,1
2527,1
2528,0
2529,3
2530,2
2531,2
2532,1
2533,3
2534,1
2535,0
2536,2
2537,1
2538,2
2539,3
2540,1
2541,2
2542,3
2543,0
2544,0
2545,2
2546,0
2547,2
2548,0
2549,2
2550,3
2551,2
2552,0
2553,0
2554,1
2555,0
2556,3
2557,3
2558,3
2559,2
2560,2
2561,1
2562,3
2563,3
2564,1
2565,3
2566,3
2567,0
2568,3
2569,3
2570,0
2571,3
2572,1
2573,0
2574,1
2575,2
2576,3
2577,3
2578,3
2579,2
2580,0
2581,3
2582,3
2583,0
2584,3
2585,1
2586,3
2587,0
2588,3
2589,3
2590,1
2591,3
2592,1
2593,2
2594,2
2595,1
2596,1
2597,3
2598,0
2599,2
2600,3
2601,1
2602,3
2603,3
2604,3
2605,1
2606,3
2607,3
2608,0
2609,3
2610,1
2611,1
2612,2
2613,3
2614,0
2615,1
2616,0
2617,0
2618,0
2619,0
2620,1
2621,2
2622,0
2623,0
2624,3
2625,1
2626,2
2627,2
2628,2
2629,2
2630,3
2631,2
2632,3
2633,0
2634,0
2635,0
2636,3
2637,3
2638,0
2639,3
2640,0
2641,0
2642,1
2643,2
2644,1
2645,2
2646,1
2647,0
2648,2
2649,3
2650,2
2651,0
2652,1
2653,1
2654,2
2655,0
2656,3
2657,0
2658,0
2659,0
2660,3
2661,3
2662,3
2663,1
2664,2
2665,3
2666,2
2667,0
2668,3
2669,0
2670,3
2671,0
2672,2
2673,0
2674,3
2675,1
2676,2
2677,1
2678,0
2679,3
2680,1
2681,0
2682,0
2683,1
2684,3
2685,0
2686,3
2687,1
2688,1
2689,0
2690,3
2691,3
2692,0
2693,2
2694,2
2695,3
2696,2
2697,0
2698,3
2699,2
2700,3
2701,3
2702,0
2703,0
2704,0
2705,0
2706,0
2707,3
2708,1
2709,2
2710,2
2711,0
2712,0
2713,0
2714,1
2715,3
2716,3
2717,3
2718,0
2719,3
2720,0
2721,3
2722,2
2723,1
2724,3
2725,0
2726,1
2727,1
2728,1
2729,3
2730,3
2731,0
2732,0
2733,0
2734,2
2735,3
2736,1
2737,0
2738,0
2739,0
2740,2
2741,0
2742,0
2743,0
2744,3
2745,0
2746,0
2747,0
2748,2
2749,3
2750,1
2751,1
2752,2
2753,2
2754,0
2755,0
2756,0
2757,2
2758,0
2759,3
2760,0
2761,0
2762,3
2763,1
2764,0
2765,3
2766,1
2767,3
2768,0
2769,1
2770,3
2771,3
2772,2
2773,1
2774,0
2775,0
2776,1
2777,0
2778,0
2779,2
2780,0
2781,3
2782,2
2783,1
2784,1
2785,3
2786,1
2787,3
2788,3
2789,3
2790,3
2791,0
2792,1
2793,0
2794,0
2795,3
2796,0
2797,3
2798,0
2799,0
2800,2
2801,2
2802,3
2803,1
2804,0
2805,0
2806,2
2807,0
2808,3
2809,0
2810,2
2811,2
2812,3
2813,3
2814,2
2815,2
2816,3
2817,3
2818,1
2819,1
2820,0
2821,1
2822,3
2823,0
2824,2
2825,0
2826,0
2827,0
2828,0
2829,3
2830,1
2831,2
2832,3
2833,3
2834,0
2835,0
2836,3
2837,0
2838,1
2839,1
2840,0
2841,0
2842,0
2843,3
2844,1
2845,2
2846,0
2847,1
2848,3
2849,0
2850,3
2851,2
2852,1
2853,0
2854,2
2855,3
2856,2
2857,1
2858,0
2859,1
2860,1
2861,1
2862,0
2863,0
2864,0
2865,2
2866,3
2867,3
2868,0
2869,3
2870,0
2871,3
2872,1
2873,0
2874,0
2875,3
2876,2
2877,2
2878,0
2879,0
2880,2
2881,2
2882,3
2883,0
2884,1
2885,3
2886,2
2887,1
2888,0
2889,3
2890,2
2891,0
2892,2
2893,0
2894,2
2895,0
2896,2
2897,0
2898,3
2899,0
2900,0
2901,0
2902,1
2903,2
2904,0
2905,1
2906,0
2907,1
2908,2
2909,0
2910,0
2911,3
2912,1
2913,2
2914,0
2915,3
2916,3
2917,3
2918,2
2919,0
2920,1
2921,1
2922,3
2923,0
2924,2
2925,1
2926,1
2927,1
2928,3
2929,0
2930,0
2931,2
2932,0
2933,0
2934,0
2935,0
2936,3
2937,2
2938,3
2939,1
2940,1
2941,2
2942,1
2943,1
2944,3
2945,3
2946,0
2947,1
2948,0
2949,0
2950,1
2951,3
2952,0
2953,2
2954,3
2955,0
2956,3
2957,0
2958,0
2959,0
2960,2
2961,0
2962,2
2963,3
2964,0
2965,3
2966,0
2967,0
2968,1
2969,1
2970,2
2971,0
2972,2
2973,3
2974,0
2975,1
2976,2
2977,2
2978,0
2979,2
2980,1
2981,3
2982,0
2983,0
2984,0
2985,1
2986,0
2987,3
2988,2
2989,2
2990,0
2991,2
2992,3
2993,3
2994,3
2995,3
2996,0
2997,1
2998,1
2999,2
3000,0
3001,3
3002,3
3003,0
3004,1
3005,2
3006,0
3007,2
3008,1
3009,0
3010,1
3011,0
3012,0
3013,2
3014,2
3015,3
3016,0
3017,3
3018,1
3019,1
3020,3
3021,2
3022,0
3023,0
3024,1
3025,0
3026,3
3027,3
3028,2
3029,0
3030,1
3031,1
3032,3
3033,0
3034,2
3035,3
3036,3
3037,2
3038,1
3039,0
3040,3
3041,0
3042,3
3043,0
3044,3
3045,0
3046,3
3047,1
3048,0
3049,1
3050,1
3051,0
3052,2
3053,3
3054,3
3055,3
3056,2
3057,1
3058,0
3059,3
3060,3
3061,1
3062,0
3063,0
3064,0
3065,1
3066,2
3067,0
3068,0
3069,3
3070,1
3071,0
3072,3
3073,2
3074,0
3075,0
3076,3
3077,3
3078,0
3079,1
3080,3
3081,0
3082,3
3083,3
3084,3
3085,3
3086,0
3087,3
3088,0
3089,2
3090,1
3091,3
3092,1
3093,2
3094,0
3095,3
3096,3
3097,1
3098,2
3099,0
3100,3
3101,1
3102,0
3103,1
3104,0
3105,1
3106,3
3107,1
3108,3
3109,3
3110,3
3111,3
3112,1
3113,0
3114,0
3115,2
3116,0
3117,3
3118,0
3119,3
3120,2
3121,0
3122,3
3123,2
3124,2
3125,0
3126,0
3127,1
3128,2
3129,0
3130,0
3131,1
3132,1
3133,0
3134,1
3135,0
3136,0
3137,2
3138,0
3139,3
3140,1
3141,2
3142,3
3143,0
3144,0
3145,3
3146,3
3147,1
3148,0
3149,3
3150,3
3151,3
3152,2
3153,0
3154,2
3155,0
3156,0
3157,0
3158,0
3159,2
3160,0
3161,0
3162,0
3163,3
3164,2
3165,3
3166,0
3167,3
3168,1
3169,0
3170,0
3171,0
3172,3
3173,2
3174,2
3175,3
3176,0
3177,3
3178,0
3179,0
3180,3
3181,3
3182,1
3183,0
3184,0
3185,0
3186,3
3187,0
3188,1
3189,3
3190,1
3191,1
3192,0
3193,3
3194,0
3195,2
3196,1
3197,3
3198,0
3199,1
3200,0
3201,3
3202,3
3203,3
3204,3
3205,2
3206,2
3207,1
3208,1
3209,2
3210,3
3211,2
3212,1
3213,0
3214,1
3215,3
3216,3
3217,2
3218,2
3219,0
3220,2
3221,1
3222,0
3223,3
3224,2
3225,2
3226,3
3227,2
3228,3
3229,2
3230,3
3231,0
3232,3
3233,2
3234,1
3235,3
3236,3
3237,3
3238,3
3239,3
3240,3
3241,0
3242,3
3243,2
3244,3
3245,0
3246,3
3247,3
3248,0
3249,1
3250,2
3251,3
3252,1
3253,3
3254,0
3255,0
3256,3
3257,0
3258,0
3259,0
3260,2
3261,3
3262,1
3263,2
3264,0
3265,0
3266,2
3267,2
3268,0
3269,3
3270,0
3271,3
3272,3
3273,1
3274,3
3275,1
3276,3
3277,3
3278,0
3279,3
3280,3
3281,0
3282,3
3283,1
3284,3
3285,2
3286,3
3287,1
3288,3
3289,2
3290,2
3291,0
3292,2
3293,3
3294,0
3295,1
3296,2
3297,1
3298,3
3299,3
3300,1
3301,2
3302,3
3303,2
3304,3
3305,2
3306,1
3307,2
3308,3
3309,0
3310,0
3311,1
3312,1
3313,0
3314,1
3315,0
3316,3
3317,3
3318,1
3319,0
3320,3
3321,3
3322,3
3323,2
3324,2
3325,0
3326,2
3327,2
3328,0
3329,0
3330,3
3331,2
3332,1
3333,3
3334,3
3335,1
3336,0
3337,2
3338,0
3339,3
3340,1
3341,1
3342,0
3343,1
3344,2
3345,0
3346,0
3347,3
3348,2
3349,3
3350,3
3351,0
3352,2
3353,1
3354,1
3355,2
3356,1
3357,2
3358,2
3359,3
3360,0
3361,2
3362,0
3363,3
3364,3
3365,0
3366,0
3367,2
3368,0
3369,0
3370,0
3371,1
3372,0
3373,3
3374,3
3375,1
3376,3
3377,3
3378,3
3379,0
3380,1
3381,1
3382,1
3383,3
3384,1
3385,1
3386,0
3387,0
3388,2
3389,0
3390,1
3391,1
3392,2
3393,0
3394,3
3395,2
3396,1
3397,0
3398,3
3399,1
3400,0
3401,0
3402,2
3403,2
3404,0
3405,0
3406,2
3407,3
3408,1
3409,3
3410,1
3411,0
3412,3
3413,2
3414,2
3415,3
3416,2
3417,1
3418,1
3419,1
3420,1
3421,2
3422,1
3423,0
3424,2
3425,0
3426,3
3427,1
3428,0
3429,2
3430,3
3431,3
3432,1
3433,2
3434,1
3435,2
3436,2
3437,1
3438,0
3439,2
3440,2
3441,2
3442,0
3443,1
3444,3
3445,3
3446,1
3447,0
3448,3
3449,0
3450,3
3451,2
3452,3
3453,3
3454,0
3455,2
3456,0
3457,2
3458,3
3459,1
3460,2
3461,1
3462,1
3463,3
3464,2
3465,2
3466,3
3467,3
3468,0
3469,0
3470,2
3471,2
3472,0
3473,0
3474,3
3475,0
3476,3
3477,3
3478,3
3479,1
3480,0
3481,0
3482,2
3483,1
3484,3
3485,0
3486,2
3487,0
3488,1
3489,2
3490,1
3491,2
3492,2
3493,1
3494,2
3495,1
3496,0
3497,2
3498,0
3499,1
3500,3
3501,0
3502,2
3503,0
3504,1
3505,1
3506,3
3507,3
3508,1
3509,0
3510,2
3511,1
3512,3
3513,3
3514,0
3515,1
3516,3
3517,0
3518,2
3519,0
3520,3
3521,1
3522,1
3523,3
3524,3
3525,3
3526,3
3527,0
3528,0
3529,1
3530,0
3531,2
3532,3
3533,0
3534,0
3535,0
3536,0
3537,3
3538,0
3539,2
3540,1
3541,2
3542,1
3543,3
3544,3
3545,0
3546,3
3547,0
3548,3
3549,0
3550,3
3551,2
3552,1
3553,3
3554,2
3555,2
3556,2
3557,3
3558,3
3559,2
3560,3
3561,3
3562,1
3563,1
3564,3
3565,0
3566,0
3567,0
3568,3
3569,0
3570,3
3571,3
3572,2
3573,1
3574,0
3575,3
3576,3
3577,0
3578,0
3579,3
3580,2
3581,3
3582,2
3583,3
3584,0
3585,0
3586,3
3587,0
3588,2
3589,1
3590,1
3591,3
3592,2
3593,3
3594,0
3595,2
3596,1
3597,0
3598,0
3599,0
3600,2
3601,2
3602,1
3603,0
3604,1
3605,0
3606,3
3607,0
3608,0
3609,3
3610,1
3611,0
3612,2
3613,0
3614,1
3615,0
3616,3
3617,0
3618,1
3619,1
3620,1
3621,0
3622,3
3623,1
3624,2
3625,2
3626,2
3627,3
3628,0
3629,3
3630,3
3631,1
3632,2
3633,1
3634,0
3635,2
3636,2
3637,1
3638,2
3639,0
3640,3
3641,3
3642,0
3643,0
3644,0
3645,2
3646,3
3647,0
3648,1
3649,1
3650,3
3651,2
3652,1
3653,0
3654,3
3655,3
3656,0
3657,2
3658,0
3659,3
3660,0
3661,1
3662,3
3663,0
3664,0
3665,2
3666,2
3667,2
3668,0
3669,3
3670,3
3671,3
3672,2
3673,0
3674,1
3675,3
3676,1
3677,3
3678,2
3679,2
3680,3
3681,3
3682,3
3683,3
3684,3
3685,0
3686,1
3687,0
3688,1
3689,0
3690,0
3691,2
3692,0
3693,3
3694,0
3695,3
3696,3
3697,2
3698,3
3699,1
3700,2
3701,3
3702,3
3703,3
3704,3
3705,3
3706,3
3707,0
3708,1
3709,0
3710,2
3711,1
3712,2
3713,1
3714,0
3715,3
3716,3
3717,0
3718,0
3719,3
3720,0
3721,3
3722,1
3723,3
3724,0
3725,2
3726,0
3727,3
3728,3
3729,3
3730,3
3731,0
3732,3
3733,1
3734,2
3735,2
3736,2
3737,3
3738,3
3739,0
3740,3
3741,0
3742,2
3743,3
3744,3
3745,0
3746,0
3747,0
3748,1
3749,0
3750,0
3751,2
3752,2
3753,3
3754,1
3755,3
3756,3
3757,3
3758,2
3759,2
3760,0
3761,1
3762,1
3763,3
3764,2
3765,3
3766,3
3767,1
3768,1
3769,3
3770,2
3771,2
3772,0
3773,2
3774,2
3775,2
3776,2
3777,1
3778,3
3779,0
3780,3
3781,1
3782,1
3783,3
3784,0
3785,0
3786,1
3787,3
3788,0
3789,1
3790,3
3791,2
3792,3
3793,3
3794,3
3795,3
3796,0
3797,0
3798,0
3799,3
3800,2
3801,2
3802,3
3803,0
3804,1
3805,1
3806,3
3807,0
3808,2
3809,0
3810,2
3811,2
3812,1
3813,2
3814,1
3815,3
3816,0
3817,0
3818,2
3819,0
3820,0
3821,3
3822,2
3823,0
3824,0
3825,3
3826,3
3827,0
3828,2
3829,0
3830,2
3831,0
3832,2
3833,3
3834,0
3835,3
3836,3
3837,3
3838,2
3839,3
3840,3
3841,0
3842,2
3843,1
3844,2
3845,0
3846,1
3847,2
3848,2
3849,3
3850,3
3851,3
3852,0
3853,3
3854,0
3855,3
3856,3
3857,3
3858,1
3859,0
3860,1
3861,1
3862,1
3863,3
3864,3
3865,2
3866,1
3867,3
3868,3
3869,0
3870,2
3871,1
3872,1
3873,3
3874,0
3875,0
3876,0
3877,0
3878,3
3879,0
3880,0
3881,0
3882,1
3883,1
3884,0
3885,2
3886,0
3887,3
3888,3
3889,1
3890,0
3891,3
3892,3
3893,3
3894,3
3895,3
3896,1
3897,3
3898,1
3899,0
3900,3
3901,3
3902,0
3903,2
3904,1
3905,2
3906,3
3907,2
3908,0
3909,3
3910,3
3911,2
3912,3
3913,3
3914,1
3915,3
3916,1
3917,2
3918,1
3919,2
3920,3
3921,0
3922,0
3923,0
3924,3
3925,3
3926,0
3927,0
3928,2
3929,1
3930,0
3931,3
3932,1
3933,3
3934,0
3935,3
3936,0
3937,3
3938,2
3939,0
3940,0
3941,3
3942,2
3943,1
3944,2
3945,2
3946,3
3947,3
3948,1
3949,3
3950,3
3951,1
3952,2
3953,2
3954,3
3955,1
3956,2
3957,0
3958,2
3959,1
3960,3
3961,2
3962,2
3963,0
3964,2
3965,2
3966,1
3967,3
3968,1
3969,2
3970,3
3971,3
3972,0
3973,0
3974,3
3975,2
3976,1
3977,2
3978,1
3979,0
3980,0
3981,1
3982,0
3983,0
3984,3
3985,0
3986,1
3987,1
3988,0
3989,0
3990,3
3991,0
3992,2
3993,1
3994,0
3995,1
3996,0
3997,0
3998,0
3999,2
4000,0
4001,3
4002,0
4003,0
4004,0
4005,0
4006,3
4007,3
4008,1
4009,2
4010,3
4011,1
4012,3
4013,2
4014,3
4015,0
4016,0
4017,1
4018,0
4019,3
4020,2
4021,1
4022,2
4023,1
4024,3
4025,2
4026,3
4027,3
4028,3
4029,0
4030,1
4031,3
4032,3
4033,3
4034,3
4035,3
4036,0
4037,3
4038,3
4039,0
4040,3
4041,3
4042,1
4043,0
4044,0
4045,2
4046,0
4047,3
4048,3
4049,0
4050,0
4051,2
4052,3
4053,3
4054,2
4055,1
4056,0
4057,0
4058,1
4059,0
4060,2
4061,3
4062,2
4063,2
4064,0
4065,2
4066,2
4067,3
4068,1
4069,2
4070,1
4071,0
4072,0
4073,2
4074,1
4075,0
4076,3
4077,3
4078,1
4079,1
4080,3
4081,0
4082,0
4083,2
4084,1
4085,1
4086,2
4087,3
4088,2
4089,2
4090,0
4091,1
4092,2
4093,3
4094,0
4095,3
4096,0
4097,1
4098,0
4099,2
4100,2
4101,1
4102,0
4103,2
4104,3
4105,3
4106,3
4107,0
4108,0
4109,3
4110,0
4111,3
4112,2
4113,1
4114,3
4115,0
4116,0
4117,0
4118,0
4119,0
4120,3
4121,3
4122,3
4123,3
4124,2
4125,3
4126,0
4127,0
4128,3
4129,3
4130,2
4131,0
4132,2
4133,3
4134,0
4135,0
4136,2
4137,2
4138,0
4139,2
4140,3
4141,0
4142,2
4143,1
4144,2
4145,1
4146,1
4147,3
4148,1
4149,2
4150,2
4151,2
4152,3
4153,0
4154,1
4155,0
4156,0
4157,0
4158,3
4159,3
4160,2
4161,0
4162,3
4163,1
4164,0
4165,0
4166,3
4167,2
4168,0
4169,1
4170,0
4171,3
4172,3
4173,3
4174,3
4175,2
4176,0
4177,2
4178,0
4179,2
4180,0
4181,0
4182,0
4183,3
4184,0
4185,3
4186,3
4187,0
4188,2
4189,3
4190,0
4191,0
4192,2
4193,3
4194,3
4195,2
4196,3
4197,0
4198,0
4199,1
4200,3
4201,3
4202,0
4203,1
4204,3
4205,1
4206,3
4207,2
4208,3
4209,2
4210,3
4211,0
4212,2
4213,2
4214,3
4215,0
4216,2
4217,2
4218,0
4219,0
4220,0
4221,2
4222,1
4223,3
4224,2
4225,0
4226,3
4227,0
4228,2
4229,2
4230,1
4231,3
4232,2
4233,2
4234,0
4235,3
4236,0
4237,1
4238,0
4239,3
4240,1
4241,2
4242,3
4243,0
4244,1
4245,3
4246,1
4247,0
4248,0
4249,1
4250,3
4251,3
4252,3
4253,3
4254,0
4255,0
4256,3
4257,0
4258,3
4259,3
4260,3
4261,2
4262,0
4263,1
4264,0
4265,0
4266,0
4267,0
4268,2
4269,2
4270,3
4271,3
4272,3
4273,1
4274,0
4275,0
4276,0
4277,0
4278,1
4279,1
4280,1
4281,3
4282,1
4283,0
4284,0
4285,0
4286,1
4287,3
4288,0
4289,2
4290,0
4291,3
4292,2
4293,0
4294,0
4295,1
4296,3
4297,3
4298,0
4299,3
4300,0
4301,0
4302,1
4303,0
4304,0
4305,0
4306,3
4307,3
4308,0
4309,2
4310,2
4311,1
4312,3
4313,0
4314,3
4315,1
4316,3
4317,0
4318,1
4319,1
4320,0
4321,3
4322,3
4323,0
4324,0
4325,3
4326,0
4327,3
4328,3
4329,3
4330,2
4331,3
4332,3
4333,0
4334,3
4335,3
4336,2
4337,0
4338,0
4339,3
4340,2
4341,0
4342,0
4343,2
4344,1
4345,0
4346,2
4347,0
4348,3
4349,0
4350,3
4351,1
4352,1
4353,2
4354,0
4355,3
4356,2
4357,3
4358,2
4359,0
4360,2
4361,3
4362,2
4363,3
4364,3
4365,0
4366,3
4367,3
4368,2
4369,3
4370,2
4371,1
4372,0
4373,2
4374,1
4375,1
4376,2
4377,3
4378,0
4379,3
4380,1
4381,2
4382,3
4383,3
4384,3
4385,0
4386,0
4387,3
4388,1
4389,2
4390,0
4391,3
4392,1
4393,0
4394,0
4395,1
4396,1
4397,1
4398,3
4399,0
4400,1
4401,0
4402,1
4403,2
4404,3
4405,1
4406,2
4407,1
4408,2
4409,3
4410,0
4411,2
4412,0
4413,0
4414,1
4415,0
4416,3
4417,1
4418,1
4419,0
4420,0
4421,3
4422,1
4423,1
4424,1
4425,3
4426,3
4427,0
4428,3
4429,0
4430,0
4431,1
4432,0
4433,2
4434,3
4435,0
4436,1
4437,3
4438,2
4439,2
4440,2
4441,0
4442,1
4443,3
4444,3
4445,0
4446,0
4447,1
4448,3
4449,0
4450,0
4451,0
4452,1
4453,1
4454,1
4455,3
4456,3
4457,2
4458,0
4459,1
4460,2
4461,3
4462,2
4463,3
4464,3
4465,2
4466,3
4467,0
4468,3
4469,0
4470,0
4471,3
4472,1
4473,0
4474,2
4475,3
4476,1
4477,0
4478,0
4479,1
4480,0
4481,1
4482,1
4483,0
4484,0
4485,0
4486,0
4487,3
4488,1
4489,3
4490,3
4491,0
4492,2
4493,1
4494,3
4495,2
4496,0
4497,0
4498,3
4499,2
4500,0
4501,0
4502,2
4503,1
4504,1
4505,0
4506,3
4507,3
4508,0
4509,0
4510,1
4511,3
4512,0
4513,0
4514,3
4515,3
4516,0
4517,3
4518,3
4519,0
4520,3
4521,3
4522,3
4523,0
4524,1
4525,1
4526,0
4527,3
4528,3
4529,0
4530,2
4531,1
4532,0
4533,0
4534,2
4535,1
4536,3
4537,3
4538,3
4539,0
4540,3
4541,2
4542,2
4543,3
4544,0
4545,0
4546,1
4547,2
4548,0
4549,0
4550,0
4551,0
4552,2
4553,2
4554,0
4555,1
4556,0
4557,2
4558,3
4559,0
4560,0
4561,3
4562,3
4563,0
4564,1
4565,1
4566,1
4567,2
4568,3
4569,1
4570,3
4571,2
4572,2
4573,3
4574,0
4575,2
4576,0
4577,0
4578,3
4579,0
4580,0
4581,2
4582,3
4583,2
4584,3
4585,0
4586,3
4587,2
4588,3
4589,2
4590,1
4591,1
4592,0
4593,1
4594,1
4595,3
4596,1
4597,2
4598,3
4599,0
4600,2
4601,0
4602,0
4603,0
4604,1
4605,3
4606,0
4607,3
4608,2
4609,0
4610,3
4611,0
4612,0
4613,2
4614,1
4615,2
4616,1
4617,2
4618,0
4619,3
4620,2
4621,0
4622,1
4623,0
4624,2
4625,1
4626,0
4627,0
4628,0
4629,3
4630,3
4631,3
4632,1
4633,3
4634,0
4635,0
4636,0
4637,2
4638,3
4639,3
4640,2
4641,1
4642,2
4643,1
4644,0
4645,0
4646,3
4647,2
4648,0
4649,0
4650,3
4651,3
4652,0
4653,1
4654,0
4655,2
4656,3
4657,2
4658,3
4659,1
4660,3
4661,2
4662,1
4663,3
4664,3
4665,2
4666,2
4667,1
4668,3
4669,1
4670,3
4671,1
4672,1
4673,2
4674,3
4675,1
4676,2
4677,0
4678,3
4679,0
4680,3
4681,3
4682,0
4683,3
4684,0
4685,2
4686,1
4687,0
4688,2
4689,3
4690,0
4691,3
4692,1
4693,3
4694,3
4695,1
4696,0
4697,2
4698,1
4699,3
4700,0
4701,2
4702,0
4703,0
4704,3
4705,2
4706,2
4707,1
4708,3
4709,0
4710,1
4711,0
4712,2
4713,3
4714,0
4715,0
4716,3
4717,1
4718,1
4719,2
4720,0
4721,1
4722,3
4723,2
4724,0
4725,3
4726,2
4727,2
4728,0
4729,2
4730,2
4731,3
4732,1
4733,1
4734,3
4735,2
4736,0
4737,2
4738,1
4739,2
4740,3
4741,3
4742,0
4743,0
4744,3
4745,0
4746,2
4747,2
4748,1
4749,0
4750,0
4751,1
4752,0
4753,3
4754,0
4755,2
4756,3
4757,0
4758,0
4759,1
4760,2
4761,3
4762,0
4763,2
4764,2
4765,3
4766,3
4767,2
4768,2
4769,3
4770,0
4771,3
4772,1
4773,3
4774,2
4775,2
4776,0
4777,2
4778,0
4779,3
4780,2
4781,1
4782,2
4783,0
4784,3
4785,2
4786,0
4787,0
4788,3
4789,0
4790,2
4791,0
4792,2
4793,3
4794,3
4795,2
4796,1
4797,2
4798,3
4799,3
4800,3
4801,0
4802,3
4803,2
4804,3
4805,1
4806,3
4807,3
4808,3
4809,3
4810,0
4811,0
4812,0
4813,1
4814,3
4815,1
4816,3
4817,0
4818,3
4819,0
4820,0
4821,3
4822,3
4823,2
4824,0
4825,3
4826,0
4827,0
4828,1
4829,3
4830,3
4831,2
4832,2
4833,0
4834,0
4835,1
4836,0
4837,3
4838,3
4839,2
4840,1
4841,3
4842,0
4843,1
4844,3
4845,3
4846,0
4847,3
4848,3
4849,3
4850,3
4851,2
4852,0
4853,0
4854,1
4855,3
4856,0
4857,0
4858,2
4859,3
4860,0
4861,1
4862,0
4863,3
4864,3
4865,1
4866,3
4867,0
4868,1
4869,3
4870,3
4871,0
4872,1
4873,0
4874,0
4875,1
4876,0
4877,1
4878,0
4879,3
4880,3
4881,3
4882,1
4883,3
4884,3
4885,3
4886,0
4887,3
4888,3
4889,0
4890,3
4891,3
4892,3
4893,3
4894,0
4895,0
4896,2
4897,3
4898,0
4899,1
4900,0
4901,0
4902,3
4903,0
4904,3
4905,3
4906,1
4907,0
4908,3
4909,1
4910,3
4911,0
4912,0
4913,2
4914,0
4915,0
4916,3
4917,0
4918,3
4919,3
4920,2
4921,0
4922,3
4923,2
4924,3
4925,2
4926,1
4927,3
4928,3
4929,2
4930,3
4931,2
4932,2
4933,3
4934,3
4935,0
4936,1
4937,3
4938,3
4939,3
4940,1
4941,1
4942,0
4943,0
4944,3
4945,0
4946,1
4947,3
4948,2
4949,0
4950,3
4951,0
4952,1
4953,1
4954,0
4955,0
4956,3
4957,2
4958,3
4959,3
4960,3
4961,1
4962,0
4963,3
4964,1
4965,2
4966,1
4967,2
4968,2
4969,0
4970,1
4971,0
4972,0
4973,3
4974,1
4975,2
4976,0
4977,2
4978,2
4979,3
4980,3
4981,3
4982,2
4983,1
4984,0
4985,1
4986,3
4987,1
4988,3
4989,2
4990,2
4991,0
4992,0
4993,2
4994,0
4995,1
4996,3
4997,1
4998,3
4999,3
5000,2
5001,2
5002,2
5003,3
5004,3
5005,2
5006,2
5007,3
5008,3
5009,3
5010,3
5011,3
5012,0
5013,1
5014,3
5015,3
5016,0
5017,0
5018,3
5019,2
5020,3
5021,1
5022,2
5023,2
5024,0
5025,3
5026,0
5027,0
5028,2
5029,0
5030,3
5031,0
5032,3
5033,1
5034,0
5035,3
5036,2
5037,3
5038,0
5039,2
5040,1
5041,3
5042,3
5043,0
5044,0
5045,2
5046,0
5047,2
5048,3
5049,3
5050,0
5051,0
5052,2
5053,2
5054,3
5055,0
5056,1
5057,3
5058,0
5059,3
5060,0
5061,0
5062,3
5063,3
5064,3
5065,2
5066,3
5067,0
5068,0
5069,1
5070,1
5071,0
5072,0
5073,1
5074,1
5075,1
5076,0
5077,0
5078,0
5079,1
5080,0
5081,2
5082,3
5083,3
5084,0
5085,1
5086,0
5087,3
5088,1
5089,0
5090,0
5091,3
5092,0
5093,3
5094,2
5095,0
5096,3
5097,1
5098,3
5099,0
5100,3
5101,3
5102,3
5103,0
5104,1
5105,1
5106,0
5107,1
5108,2
5109,0
5110,3
5111,1
5112,3
5113,0
5114,3
5115,3
5116,3
5117,0
5118,0
5119,3
5120,0
5121,3
5122,2
5123,1
5124,3
5125,0
5126,0
5127,3
5128,1
5129,3
5130,3
5131,0
5132,0
5133,2
5134,2
5135,3
5136,3
5137,0
5138,1
5139,3
5140,3
5141,3
5142,0
5143,1
5144,1
5145,2
5146,3
5147,3
5148,1
5149,3
5150,1
5151,3
5152,1
5153,2
5154,0
5155,2
5156,0
5157,0
5158,2
5159,0
5160,0
5161,2
5162,3
5163,3
5164,3
5165,0
5166,3
5167,0
5168,0
5169,1
5170,2
5171,3
5172,3
5173,1
5174,0
5175,3
5176,3
5177,0
5178,0
5179,3
5180,0
5181,2
5182,1
5183,0
5184,3
5185,0
5186,2
5187,3
5188,3
5189,3
5190,1
5191,1
5192,2
5193,3
5194,2
5195,3
5196,2
5197,0
5198,0
5199,0
5200,0
5201,3
5202,3
5203,0
5204,1
5205,3
5206,1
5207,1
5208,0
5209,2
5210,2
5211,2
5212,2
5213,0
5214,2
5215,3
5216,3
5217,0
5218,0
5219,2
5220,1
5221,1
5222,3
5223,2
5224,3
5225,3
5226,0
5227,3
5228,3
5229,3
5230,3
5231,0
5232,0
5233,0
5234,1
5235,2
5236,3
5237,2
5238,2
5239,3
5240,0
5241,2
5242,0
5243,0
5244,0
5245,2
5246,1
5247,0
5248,3
5249,0
5250,3
5251,3
5252,0
5253,0
5254,0
5255,0
5256,0
5257,2
5258,3
5259,3
5260,2
5261,0
5262,1
5263,2
5264,2
5265,2
5266,3
5267,2
5268,0
5269,3
5270,3
5271,0
5272,3
5273,1
5274,0
5275,0
5276,1
5277,0
5278,3
5279,0
5280,2
5281,2
5282,3
5283,1
5284,2
5285,0
5286,3
5287,3
5288,1
5289,1
5290,1
5291,0
5292,1
5293,0
5294,3
5295,0
5296,1
5297,2
5298,1
5299,0
5300,2
5301,2
5302,1
5303,2
5304,3
5305,1
5306,2
5307,1
5308,2
5309,2
5310,0
5311,3
5312,1
5313,2
5314,3
5315,3
5316,0
5317,3
5318,0
5319,3
5320,0
5321,3
5322,0
5323,2
5324,3
5325,3
5326,2
5327,3
5328,0
5329,0
5330,2
5331,0
5332,2
5333,3
5334,0
5335,0
5336,0
5337,1
5338,3
5339,1
5340,1
5341,1
5342,3
5343,3
5344,2
5345,0
5346,3
5347,0
5348,0
5349,0
5350,3
5351,1
5352,1
5353,1
5354,1
5355,3
5356,0
5357,3
5358,2
5359,1
5360,1
5361,0
5362,3
5363,3
5364,3
5365,2
5366,0
5367,3
5368,1
5369,1
5370,2
5371,0
5372,1
5373,2
5374,0
5375,3
5376,0
5377,0
5378,3
5379,3
5380,0
5381,0
5382,3
5383,0
5384,2
5385,0
5386,2
5387,3
5388,1
5389,1
5390,2
5391,0
5392,3
5393,1
5394,3
5395,1
5396,0
5397,0
5398,0
5399,0
5400,3
5401,3
5402,3
5403,3
5404,2
5405,1
5406,3
5407,0
5408,0
5409,0
5410,2
5411,3
5412,1
5413,3
5414,3
5415,3
5416,0
5417,3
5418,0
5419,0
5420,0
5421,1
5422,3
5423,3
5424,1
5425,0
5426,1
5427,1
5428,3
5429,3
5430,3
5431,3
5432,3
5433,0
5434,2
5435,2
5436,3
5437,3
5438,2
5439,2
5440,3
5441,1
5442,2
5443,2
5444,2
5445,3
5446,0
5447,1
5448,2
5449,0
5450,2
5451,1
5452,0
5453,0
5454,3
5455,0
5456,1
5457,3
5458,0
5459,2
5460,3
5461,0
5462,0
5463,3
5464,1
5465,3
5466,0
5467,1
5468,2
5469,3
5470,2
5471,0
5472,0
5473,3
5474,2
5475,1
5476,2
5477,3
5478,0
5479,1
5480,0
5481,1
5482,3
5483,0
5484,3
5485,2
5486,3
5487,1
5488,1
5489,0
5490,3
5491,1
5492,3
5493,0
5494,0
5495,3
5496,2
5497,2
5498,0
5499,2
5500,0
5501,1
5502,0
5503,0
5504,0
5505,1
5506,1
5507,1
5508,3
5509,3
5510,0
5511,0
5512,0
5513,0
5514,2
5515,0
5516,0
5517,3
5518,1
5519,0
5520,2
5521,1
5522,3
5523,1
5524,0
5525,0
5526,3
5527,3
5528,2
5529,1
5530,0
5531,3
5532,0
5533,3
5534,3
5535,0
5536,0
5537,3
5538,2
5539,2
5540,0
5541,0
5542,2
5543,0
5544,3
5545,0
5546,1
5547,3
5548,0
5549,3
5550,3
5551,3
5552,3
5553,2
5554,0
5555,3
5556,1
5557,2
5558,1
5559,1
5560,1
5561,2
5562,1
5563,2
5564,0
5565,3
5566,3
5567,2
5568,3
5569,3
5570,0
5571,3
5572,3
5573,2
5574,0
5575,0
5576,3
5577,2
5578,3
5579,3
5580,3
5581,3
5582,3
5583,1
5584,2
5585,1
5586,0
5587,3
5588,1
5589,1
5590,1
5591,0
5592,2
5593,3
5594,1
5595,3
5596,3
5597,0
5598,1
5599,1
5600,1
5601,0
5602,0
5603,3
5604,1
5605,0
5606,0
5607,3
5608,3
5609,3
5610,2
5611,3
5612,3
5613,0
5614,3
5615,0
5616,2
5617,3
5618,0
5619,0
5620,3
5621,0
5622,2
5623,0
5624,1
5625,3
5626,0
5627,2
5628,1
5629,3
5630,3
5631,3
5632,3
5633,1
5634,3
5635,3
5636,0
5637,3
5638,2
5639,1
5640,0
5641,2
5642,0
5643,3
5644,1
5645,2
5646,2
5647,3
5648,3
5649,3
5650,3
5651,2
5652,2
5653,1
5654,3
5655,0
5656,2
5657,2
5658,2
5659,3
5660,3
5661,2
5662,2
5663,0
5664,0
5665,2
5666,3
5667,2
5668,2
5669,2
5670,1
5671,3
5672,0
5673,3
5674,3
5675,2
5676,1
5677,1
5678,2
5679,2
5680,2
5681,0
5682,3
5683,3
5684,2
5685,0
5686,3
5687,3
5688,0
5689,0
5690,3
5691,3
5692,1
5693,1
5694,1
5695,2
5696,3
5697,0
5698,0
5699,3
5700,0
5701,1
5702,3
5703,2
5704,0
5705,0
5706,1
5707,0
5708,2
5709,2
5710,0
5711,1
5712,0
5713,2
5714,3
5715,3
5716,3
5717,0
5718,0
5719,0
5720,1
5721,2
5722,3
5723,2
5724,1
5725,2
5726,0
5727,2
5728,3
5729,1
5730,0
5731,2
5732,3
5733,0
5734,3
5735,1
5736,3
5737,0
5738,3
5739,2
5740,3
5741,3
5742,2
5743,3
5744,0
5745,1
5746,0
5747,0
5748,3
5749,3
5750,0
5751,3
5752,0
5753,1
5754,2
5755,0
5756,3
5757,3
5758,2
5759,1
5760,3
5761,0
5762,0
5763,3
5764,1
5765,2
5766,3
5767,1
5768,3
5769,0
5770,1
5771,0
5772,3
5773,1
5774,0
5775,1
5776,3
5777,2
5778,0
5779,0
5780,1
5781,0
5782,0
5783,0
5784,2
5785,2
5786,3
5787,0
5788,1
5789,2
5790,2
5791,0
5792,1
5793,1
5794,0
5795,0
5796,3
5797,0
5798,0
5799,3
5800,2
5801,0
5802,0
5803,1
5804,1
5805,0
5806,3
5807,2
5808,0
5809,3
5810,3
5811,3
5812,3
5813,3
5814,3
5815,0
5816,2
5817,3
5818,3
5819,3
5820,2
5821,0
5822,2
5823,2
5824,1
5825,3
5826,0
5827,2
5828,3
5829,2
5830,1
5831,3
5832,0
5833,0
5834,3
5835,1
5836,3
5837,2
5838,0
5839,3
5840,2
5841,1
5842,1
5843,0
5844,1
5845,3
5846,3
5847,1
5848,2
5849,3
5850,2
5851,1
5852,2
5853,3
5854,2
5855,3
5856,1
5857,3
5858,1
5859,1
5860,1
5861,2
5862,0
5863,2
5864,2
5865,3
5866,2
5867,1
5868,2
5869,1
5870,0
5871,3
5872,0
5873,0
5874,0
5875,2
5876,3
5877,3
5878,0
5879,3
5880,3
5881,1
5882,3
5883,1
5884,3
5885,2
5886,3
5887,1
5888,2
5889,0
5890,0
5891,3
5892,1
5893,3
5894,3
5895,3
5896,1
5897,0
5898,3
5899,3
5900,2
5901,0
5902,1
5903,0
5904,1
5905,0
5906,2
5907,1
5908,0
5909,2
5910,2
5911,0
5912,0
5913,2
5914,2
5915,0
5916,0
5917,2
5918,3
5919,2
5920,3
5921,3
5922,1
5923,0
5924,0
5925,3
5926,3
5927,2
5928,0
5929,1
5930,3
5931,1
5932,3
5933,1
5934,0
5935,1
5936,0
5937,3
5938,0
5939,2
5940,3
5941,2
5942,0
5943,1
5944,0
5945,0
5946,0
5947,0
5948,1
5949,1
5950,3
5951,2
5952,2
5953,3
5954,0
5955,1
5956,1
5957,3
5958,1
5959,3
5960,0
5961,1
5962,0
5963,0
5964,0
5965,2
5966,1
5967,2
5968,1
5969,3
5970,0
5971,0
5972,0
5973,1
5974,0
5975,2
5976,3
5977,2
5978,3
5979,0
5980,0
5981,3
5982,0
5983,3
5984,0
5985,3
5986,0
5987,3
5988,3
5989,3
5990,1
5991,2
5992,0
5993,3
5994,3
5995,3
5996,1
5997,2
5998,2
5999,0
6000,0
6001,1
6002,0
6003,2
6004,2
6005,3
6006,0
6007,0
6008,0
6009,2
6010,0
6011,3
6012,3
6013,3
6014,2
6015,3
6016,0
6017,1
6018,3
6019,0
6020,2
6021,0
6022,3
6023,0
6024,0
6025,3
6026,0
6027,0
6028,0
6029,0
6030,2
6031,3
6032,2
6033,3
6034,3
6035,2
6036,1
6037,0
6038,2
6039,0
6040,3
6041,0
6042,2
6043,2
6044,0
6045,0
6046,3
6047,2
6048,2
6049,2
6050,2
6051,3
6052,0
6053,3
6054,0
6055,0
6056,3
6057,3
6058,0
6059,3
6060,0
6061,0
6062,3
6063,3
6064,1
6065,2
6066,3
6067,0
6068,0
6069,3
6070,3
6071,3
6072,2
6073,1
6074,3
6075,3
6076,0
6077,0
6078,2
6079,3
6080,3
6081,3
6082,0
6083,3
6084,1
6085,0
6086,0
6087,1
6088,0
6089,3
6090,0
6091,0
6092,0
6093,3
6094,0
6095,2
6096,0
6097,3
6098,3
6099,2
6100,0
6101,3
6102,2
6103,1
6104,0
6105,0
6106,2
6107,2
6108,2
6109,0
6110,0
6111,0
6112,3
6113,0
6114,2
6115,1
6116,3
6117,3
6118,0
6119,0
6120,3
6121,1
6122,3
6123,1
6124,0
6125,2
6126,0
6127,2
6128,1
6129,1
6130,0
6131,3
6132,0
6133,1
6134,1
6135,1
6136,0
6137,2
6138,3
6139,3
6140,0
6141,3
6142,0
6143,0
6144,3
6145,3
6146,1
6147,0
6148,0
6149,3
6150,1
6151,0
6152,2
6153,1
6154,1
6155,2
6156,0
6157,0
6158,1
6159,3
6160,0
6161,3
6162,0
6163,1
6164,2
6165,3
6166,3
6167,2
6168,3
6169,3
6170,1
6171,0
6172,3
6173,3
6174,2
6175,0
6176,3
6177,0
6178,0
6179,2
6180,1
6181,3
6182,3
6183,2
6184,3
6185,1
6186,0
6187,1
6188,2
6189,0
6190,0
6191,3
6192,0
6193,3
6194,3
6195,0
6196,0
6197,0
6198,1
6199,2
6200,3
6201,0
6202,0
6203,0
6204,3
6205,0
6206,3
6207,2
6208,2
6209,0
6210,0
6211,3
6212,2
6213,3
6214,3
6215,0
6216,3
6217,3
6218,3
6219,2
6220,2
6221,1
6222,2
6223,0
6224,2
6225,0
6226,3
6227,0
6228,0
6229,0
6230,0
6231,1
6232,2
6233,3
6234,0
6235,3
6236,2
6237,3
6238,3
6239,3
6240,2
6241,0
6242,0
6243,1
6244,2
6245,3
6246,3
6247,0
6248,3
6249,2
6250,2
6251,3
6252,3
6253,2
6254,3
6255,0
6256,0
6257,1
6258,1
6259,2
6260,0
6261,2
6262,3
6263,2
6264,2
6265,3
6266,1
6267,3
6268,2
6269,3
6270,3
6271,2
6272,3
6273,1
6274,1
6275,2
6276,0
6277,1
6278,0
6279,3
6280,3
6281,3
6282,2
6283,2
6284,1
6285,0
6286,0
6287,1
6288,1
6289,3
6290,3
6291,0
6292,0
6293,0
6294,3
6295,2
6296,1
6297,3
6298,3
6299,3
6300,0
6301,0
6302,1
6303,3
6304,1
6305,0
6306,0
6307,3
6308,2
6309,0
6310,0
6311,0
6312,2
6313,2
6314,1
6315,2
6316,1
6317,3
6318,3
6319,2
6320,1
6321,0
6322,3
6323,3
6324,0
6325,1
6326,0
6327,3
6328,0
6329,3
6330,1
6331,0
6332,2
6333,2
6334,3
6335,0
6336,1
6337,3
6338,3
6339,3
6340,3
6341,3
6342,3
6343,3
6344,1
6345,2
6346,0
6347,0
6348,0
6349,0
6350,0
6351,2
6352,2
6353,0
6354,2
6355,0
6356,1
6357,0
6358,1
6359,2
6360,3
6361,1
6362,2
6363,0
6364,3
6365,1
6366,2
6367,2
6368,3
6369,2
6370,3
6371,0
6372,1
6373,1
6374,0
6375,1
6376,3
6377,1
6378,3
6379,3
6380,2
6381,2
6382,3
6383,0
6384,0
6385,0
6386,0
6387,0
6388,2
6389,0
6390,3
6391,0
6392,3
6393,0
6394,2
6395,0
6396,3
6397,1
6398,3
6399,0
6400,2
6401,0
6402,2
6403,3
6404,1
6405,2
6406,3
6407,3
6408,3
6409,0
6410,3
6411,3
6412,3
6413,3
6414,2
6415,2
6416,3
6417,0
6418,0
6419,3
6420,3
6421,2
6422,0
6423,3
6424,1
6425,3
6426,2
6427,0
6428,0
6429,2
6430,3
6431,3
6432,3
6433,0
6434,3
6435,1
6436,0
6437,0
6438,1
6439,0
6440,3
6441,0
6442,1
6443,2
6444,2
6445,1
6446,0
6447,0
6448,0
6449,3
6450,1
6451,3
6452,0
6453,3
6454,3
6455,1
6456,0
6457,3
6458,1
6459,3
6460,3
6461,3
6462,1
6463,1
6464,3
6465,0
6466,3
6467,1
6468,1
6469,0
6470,1
6471,1
6472,3
6473,1
6474,3
6475,0
6476,2
6477,3
6478,2
6479,2
6480,2
6481,0
6482,3
6483,0
6484,0
6485,0
6486,0
6487,2
6488,1
6489,0
6490,3
6491,3
6492,3
6493,2
6494,1
6495,1
6496,0
6497,1
6498,0
6499,0
6500,3
6501,2
6502,1
6503,3
6504,2
6505,0
6506,3
6507,3
6508,3
6509,1
6510,3
6511,0
6512,3
6513,1
6514,0
6515,1
6516,2
6517,3
6518,0
6519,1
6520,3
6521,0
6522,3
6523,1
6524,1
6525,1
6526,0
6527,3
6528,0
6529,3
6530,3
6531,3
6532,2
6533,0
6534,0
6535,1
6536,2
6537,1
6538,0
6539,0
6540,1
6541,1
6542,2
6543,3
6544,0
6545,0
6546,3
6547,3
6548,2
6549,0
6550,1
6551,2
6552,0
6553,3
6554,2
6555,0
6556,3
6557,3
6558,2
6559,3
6560,1
6561,0
6562,2
6563,2
6564,0
6565,2
6566,0
6567,0
6568,3
6569,2
6570,1
6571,1
6572,3
6573,0
6574,3
6575,2
6576,1
6577,0
6578,1
6579,1
6580,0
6581,0
6582,3
6583,0
6584,3
6585,0
6586,2
6587,2
6588,2
6589,0
6590,3
6591,3
6592,2
6593,2
6594,3
6595,1
6596,2
6597,3
6598,3
6599,0
6600,0
6601,2
6602,3
6603,1
6604,2
6605,0
6606,0
6607,2
6608,3
6609,0
6610,0
6611,0
6612,2
6613,3
6614,3
6615,2
6616,0
6617,0
6618,1
6619,3
6620,2
6621,2
6622,0
6623,0
6624,0
6625,1
6626,0
6627,1
6628,0
6629,3
6630,0
6631,0
6632,0
6633,3
6634,3
6635,2
6636,3
6637,1
6638,1
6639,0
6640,3
6641,2
6642,0
6643,2
6644,1
6645,3
6646,0
6647,2
6648,0
6649,0
6650,2
6651,0
6652,0
6653,3
6654,0
6655,3
6656,3
6657,3
6658,0
6659,2
6660,2
6661,2
6662,0
6663,2
6664,1
6665,1
6666,0
6667,3
6668,0
6669,0
6670,3
6671,3
6672,0
6673,3
6674,2
6675,0
6676,1
6677,1
6678,0
6679,1
6680,1
6681,2
6682,1
6683,2
6684,3
6685,2
6686,0
6687,2
6688,0
6689,3
6690,0
6691,3
6692,1
6693,0
6694,3
6695,3
6696,3
6697,2
6698,0
6699,1
6700,1
6701,3
6702,0
6703,3
6704,0
6705,0
6706,3
6707,1
6708,2
6709,0
6710,1
6711,1
6712,3
6713,3
6714,3
6715,1
6716,0
6717,2
6718,0
6719,3
6720,3
6721,0
6722,1
6723,0
6724,3
6725,3
6726,0
6727,1
6728,0
6729,2
6730,3
6731,0
6732,1
6733,3
6734,3
6735,0
6736,0
6737,0
6738,2
6739,2
6740,3
6741,2
6742,3
6743,3
6744,3
6745,1
6746,0
6747,1
6748,1
6749,3
6750,2
6751,0
6752,3
6753,1
6754,2
6755,2
6756,1
6757,0
6758,0
6759,1
6760,3
6761,3
6762,3
6763,0
6764,3
6765,0
6766,0
6767,3
6768,2
6769,3
6770,2
6771,0
6772,3
6773,2
6774,1
6775,0
6776,1
6777,3
6778,0
6779,1
6780,0
6781,2
6782,3
6783,3
6784,1
6785,3
6786,1
6787,2
6788,3
6789,0
6790,3
6791,3
6792,0
6793,3
6794,0
6795,3
6796,0
6797,1
6798,0
6799,3
6800,1
6801,3
6802,0
6803,2
6804,3
6805,0
6806,2
6807,3
6808,1
6809,3
6810,2
6811,0
6812,3
6813,3
6814,3
6815,1
6816,0
6817,0
6818,1
6819,0
6820,2
6821,2
6822,1
6823,3
6824,3
6825,2
6826,3
6827,2
6828,2
6829,2
6830,1
6831,1
6832,0
6833,1
6834,3
6835,2
6836,2
6837,3
6838,2
6839,2
6840,3
6841,3
6842,3
6843,2
6844,1
6845,2
6846,2
6847,2
6848,3
6849,0
6850,0
6851,1
6852,3
6853,0
6854,2
6855,1
6856,0
6857,2
6858,3
6859,3
6860,3
6861,3
6862,3
6863,3
6864,3
6865,3
6866,3
6867,3
6868,1
6869,0
6870,2
6871,0
6872,2
6873,3
6874,3
6875,0
6876,2
6877,1
6878,0
6879,0
6880,0
6881,3
6882,3
6883,3
6884,3
6885,0
6886,3
6887,1
6888,1
6889,0
6890,3
6891,0
6892,2
6893,0
6894,1
6895,1
6896,2
6897,2
6898,0
6899,3
6900,3
6901,1
6902,1
6903,0
6904,0
6905,3
6906,3
6907,3
6908,2
6909,1
6910,1
6911,2
6912,3
6913,0
6914,3
6915,3
6916,0
6917,0
6918,1
6919,0
6920,3
6921,3
6922,2
6923,0
6924,0
6925,2
6926,2
6927,2
6928,2
6929,3
6930,3
6931,2
6932,0
6933,1
6934,2
6935,0
6936,0
6937,0
6938,0
6939,2
6940,3
6941,0
6942,3
6943,3
6944,2
6945,2
6946,0
6947,3
6948,0
6949,2
6950,2
6951,0
6952,3
6953,2
6954,3
6955,3
6956,3
6957,0
6958,1
6959,3
6960,1
6961,3
6962,3
6963,2
6964,3
6965,2
6966,2
6967,0
6968,1
6969,0
6970,0
6971,1
6972,3
6973,2
6974,2
6975,2
6976,1
6977,1
6978,3
6979,2
6980,0
6981,3
6982,0
6983,2
6984,1
6985,0
6986,2
6987,3
6988,1
6989,0
6990,0
6991,0
6992,3
6993,2
6994,1
6995,3
6996,0
6997,0
6998,3
6999,1
7000,0
7001,1
7002,0
7003,3
7004,0
7005,3
7006,3
7007,2
7008,1
7009,1
7010,0
7011,3
7012,3
7013,3
7014,0
7015,2
7016,0
7017,2
7018,0
7019,1
7020,1
7021,0
7022,1
7023,1
7024,0
7025,3
7026,3
7027,3
7028,0
7029,2
7030,3
7031,2
7032,0
7033,3
7034,1
7035,3
7036,0
7037,0
7038,1
7039,3
7040,1
7041,2
7042,0
7043,3
7044,0
7045,3
7046,3
7047,3
7048,2
7049,1
7050,3
7051,3
7052,3
7053,0
7054,3
7055,1
7056,2
7057,0
7058,3
7059,0
7060,0
7061,0
7062,0
7063,3
7064,2
7065,1
7066,2
7067,1
7068,3
7069,2
7070,3
7071,0
7072,2
7073,1
7074,2
7075,0
7076,0
7077,3
7078,0
7079,0
7080,3
7081,3
7082,1
7083,3
7084,0
7085,0
7086,3
7087,0
7088,0
7089,3
7090,3
7091,1
7092,0
7093,3
7094,0
7095,1
7096,3
7097,1
7098,3
7099,2
7100,2
7101,3
7102,3
7103,2
7104,1
7105,3
7106,0
7107,3
7108,0
7109,3
7110,3
7111,0
7112,1
7113,0
7114,0
7115,1
7116,3
7117,1
7118,2
7119,3
7120,2
7121,3
7122,2
7123,3
7124,3
7125,0
7126,3
7127,0
7128,0
7129,2
7130,0
7131,3
7132,2
7133,3
7134,0
7135,0
7136,3
7137,3
7138,0
7139,2
7140,1
7141,0
7142,0
7143,2
7144,1
7145,3
7146,0
7147,0
7148,1
7149,3
7150,0
7151,0
7152,0
7153,2
7154,3
7155,0
7156,3
7157,0
7158,2
7159,3
7160,3
7161,0
7162,1
7163,0
7164,2
7165,3
7166,1
7167,3
7168,0
7169,0
7170,0
7171,3
7172,3
7173,0
7174,3
7175,3
7176,2
7177,0
7178,2
7179,3
7180,2
7181,2
7182,3
7183,3
7184,1
7185,1
7186,2
7187,2
7188,3
7189,1
7190,2
7191,2
7192,3
7193,0
7194,0
7195,3
7196,0
7197,2
7198,3
7199,2
7200,0
7201,2
7202,1
7203,0
7204,3
7205,0
7206,3
7207,3
7208,0
7209,3
7210,2
7211,2
7212,2
7213,1
7214,2
7215,2
7216,0
7217,2
7218,2
7219,2
7220,0
7221,0
7222,0
7223,3
7224,3
7225,0
7226,1
7227,3
7228,0
7229,0
7230,0
7231,0
7232,1
7233,3
7234,3
7235,0
7236,0
7237,1
7238,1
7239,3
7240,0
7241,0
7242,3
7243,0
7244,3
7245,1
7246,0
7247,0
7248,0
7249,3
7250,2
7251,0
7252,2
7253,3
7254,0
7255,1
7256,0
7257,3
7258,2
7259,3
7260,0
7261,2
7262,3
7263,0
7264,1
7265,0
7266,3
7267,3
7268,2
7269,1
7270,0
7271,0
7272,1
7273,1
7274,3
7275,3
7276,1
7277,1
7278,3
7279,0
7280,3
7281,3
7282,3
7283,0
7284,2
7285,3
7286,3
7287,1
7288,3
7289,3
7290,0
7291,3
7292,0
7293,0
7294,0
7295,1
7296,0
7297,1
7298,0
7299,0
7300,1
7301,3
7302,0
7303,3
7304,0
7305,0
7306,1
7307,0
7308,0
7309,0
7310,0
7311,3
7312,1
7313,2
7314,0
7315,1
7316,2
7317,0
7318,3
7319,3
7320,3
7321,1
7322,2
7323,2
7324,1
7325,0
7326,0
7327,1
7328,2
7329,1
7330,3
7331,3
7332,2
7333,0
7334,0
7335,3
7336,0
7337,3
7338,0
7339,0
7340,1
7341,3
7342,3
7343,0
7344,3
7345,3
7346,0
7347,3
7348,0
7349,2
7350,2
7351,0
7352,2
7353,0
7354,2
7355,0
7356,0
7357,0
7358,3
7359,0
7360,3
7361,2
7362,3
7363,2
7364,2
7365,2
7366,3
7367,0
7368,0
7369,3
7370,0
7371,2
7372,2
7373,3
7374,1
7375,0
7376,3
7377,1
7378,3
7379,0
7380,2
7381,1
7382,0
7383,3
7384,2
7385,3
7386,0
7387,1
7388,3
7389,3
7390,3
7391,3
7392,0
7393,2
7394,0
7395,0
7396,3
7397,3
7398,0
7399,0
7400,0
7401,2
7402,2
7403,0
7404,1
7405,3
7406,3
7407,0
7408,2
7409,2
7410,3
7411,0
7412,0
7413,1
7414,2
7415,3
7416,1
7417,0
7418,2
7419,2
7420,3
7421,2
7422,3
7423,3
7424,3
7425,1
7426,0
7427,0
7428,3
7429,3
7430,3
7431,3
7432,0
7433,0
7434,0
7435,1
7436,1
7437,3
7438,2
7439,3
7440,0
7441,3
7442,2
7443,3
7444,0
7445,0
7446,3
7447,0
7448,3
7449,1
7450,2
7451,3
7452,3
7453,2
7454,0
7455,0
7456,3
7457,2
7458,1
7459,3
7460,1
7461,3
7462,2
7463,1
7464,2
7465,1
7466,0
7467,2
7468,0
7469,3
7470,0
7471,3
7472,0
7473,0
7474,3
7475,2
7476,1
7477,3
7478,2
7479,2
7480,1
7481,3
7482,2
7483,0
7484,3
7485,1
7486,2
7487,0
7488,2
7489,3
7490,0
7491,0
7492,3
7493,2
7494,1
7495,0
7496,2
7497,1
7498,3
7499,3
7500,3
7501,1
7502,1
7503,0
7504,1
7505,2
7506,1
7507,3
7508,3
7509,3
7510,2
7511,2
7512,3
7513,0
7514,3
7515,2
7516,3
7517,1
7518,2
7519,3
7520,0
7521,0
7522,3
7523,2
7524,3
7525,0
7526,3
7527,0
7528,3
7529,0
7530,3
7531,3
7532,2
7533,0
7534,2
7535,3
7536,3
7537,3
7538,2
7539,0
7540,2
7541,0
7542,3
7543,3
7544,1
7545,3
7546,0
7547,3
7548,2
7549,0
7550,3
7551,3
7552,2
7553,1
7554,1
7555,1
7556,2
7557,1
7558,1
7559,3
7560,0
7561,0
7562,0
7563,0
7564,0
7565,2
7566,0
7567,3
7568,3
7569,3
7570,3
7571,3
7572,1
7573,0
7574,0
7575,0
7576,1
7577,0
7578,0
7579,0
7580,2
7581,3
7582,0
7583,2
7584,3
7585,1
7586,2
7587,0
7588,2
7589,3
7590,3
7591,2
7592,1
7593,2
7594,1
7595,3
7596,3
7597,3
7598,2
7599,0
7600,0
7601,1
7602,2
7603,1
7604,3
7605,1
7606,3
7607,3
7608,0
7609,0
7610,2
7611,2
7612,3
7613,0
7614,0
7615,0
7616,2
7617,0
7618,3
7619,1
7620,0
7621,0
7622,3
7623,3
7624,0
7625,0
7626,3
7627,0
7628,3
7629,2
7630,1
7631,2
7632,0
7633,1
7634,2
7635,0
7636,3
7637,3
7638,2
7639,0
7640,3
7641,2
7642,2
7643,3
7644,2
7645,1
7646,3
7647,0
7648,3
7649,3
7650,0
7651,0
7652,2
7653,2
7654,3
7655,2
7656,3
7657,1
7658,3
7659,0
7660,3
7661,3
7662,3
7663,3
7664,3
7665,1
7666,2
7667,0
7668,3
7669,0
7670,0
7671,0
7672,3
7673,0
7674,0
7675,0
7676,0
7677,1
7678,0
7679,3
7680,0
7681,3
7682,0
7683,2
7684,1
7685,3
7686,3
7687,1
7688,1
7689,1
7690,3
7691,3
7692,0
7693,3
7694,3
7695,2
7696,1
7697,2
7698,3
7699,2
7700,1
7701,0
7702,3
7703,2
7704,0
7705,2
7706,3
7707,0
7708,1
7709,2
7710,0
7711,0
7712,0
7713,0
7714,2
7715,0
7716,0
7717,0
7718,3
7719,2
7720,2
7721,3
7722,3
7723,0
7724,0
7725,2
7726,1
7727,2
7728,3
7729,1
7730,2
7731,2
7732,3
7733,3
7734,2
7735,0
7736,3
7737,3
7738,3
7739,3
7740,1
7741,3
7742,0
7743,3
7744,2
7745,2
7746,2
7747,2
7748,3
7749,3
7750,0
7751,0
7752,0
7753,0
7754,2
7755,2
7756,2
7757,3
7758,3
7759,1
7760,1
7761,0
7762,3
7763,1
7764,3
7765,0
7766,0
7767,0
7768,3
7769,2
7770,3
7771,2
7772,0
7773,2
7774,3
7775,0
7776,2
7777,1
7778,0
7779,3
7780,3
7781,3
7782,1
7783,2
7784,0
7785,2
7786,2
7787,1
7788,1
7789,0
7790,2
7791,0
7792,3
7793,1
7794,3
7795,3
7796,2
7797,0
7798,0
7799,0
7800,0
7801,1
7802,0
7803,0
7804,3
7805,0
7806,3
7807,1
7808,0
7809,0
7810,1
7811,0
7812,3
7813,1
7814,3
7815,0
7816,3
7817,1
7818,1
7819,3
7820,1
7821,3
7822,1
7823,3
7824,2
7825,2
7826,0
7827,2
7828,3
7829,3
7830,1
7831,3
7832,2
7833,0
7834,2
7835,1
7836,0
7837,0
7838,1
7839,0
7840,0
7841,0
7842,2
7843,3
7844,2
7845,3
7846,2
7847,2
7848,1
7849,1
7850,3
7851,3
7852,3
7853,3
7854,0
7855,0
7856,2
7857,3
7858,1
7859,3
7860,1
7861,2
7862,3
7863,3
7864,0
7865,0
7866,3
7867,3
7868,2
7869,2
7870,3
7871,3
7872,3
7873,0
7874,3
7875,0
7876,3
7877,3
7878,3
7879,1
7880,3
7881,0
7882,1
7883,3
7884,3
7885,3
7886,2
7887,2
7888,0
7889,3
7890,1
7891,1
7892,1
7893,3
7894,2
7895,3
7896,2
7897,3
7898,3
7899,3
7900,3
7901,3
7902,2
7903,1
7904,0
7905,0
7906,0
7907,3
7908,1
7909,2
7910,2
7911,1
7912,0
7913,3
7914,0
7915,1
7916,1
7917,3
7918,2
7919,3
7920,2
7921,3
7922,3
7923,3
7924,0
7925,1
7926,0
7927,1
7928,1
7929,0
7930,1
7931,2
7932,0
7933,3
7934,3
7935,0
7936,1
7937,2
7938,3
7939,3
7940,2
7941,2
7942,2
7943,0
7944,2
7945,3
7946,0
7947,3
7948,1
7949,3
7950,0
7951,2
7952,0
7953,0
7954,1
7955,0
7956,3
7957,3
7958,0
7959,3
7960,3
7961,2
7962,3
7963,1
7964,1
7965,3
7966,0
7967,3
7968,2
7969,1
7970,2
7971,1
7972,3
7973,0
7974,0
7975,3
7976,3
7977,0
7978,0
7979,1
7980,1
7981,2
7982,1
7983,3
7984,1
7985,3
7986,2
7987,1
7988,3
7989,2
7990,1
7991,2
7992,3
7993,2
7994,3
7995,3
7996,1
7997,2
7998,3
7999,3
8000,2
8001,1
8002,1
8003,1
8004,3
8005,0
8006,2
8007,2
8008,1
8009,0
8010,1
8011,1
8012,0
8013,3
8014,0
8015,0
8016,0
8017,1
8018,2
8019,2
8020,2
8021,3
8022,3
8023,3
8024,3
8025,2
8026,3
8027,2
8028,3
8029,1
8030,2
8031,3
8032,1
8033,1
8034,3
8035,2
8036,3
8037,1
8038,0
8039,2
8040,1
8041,1
8042,1
8043,3
8044,1
8045,2
8046,3
8047,1
8048,0
8049,1
8050,2
8051,1
8052,3
8053,2
8054,1
8055,1
8056,3
8057,0
8058,3
8059,1
8060,3
8061,2
8062,0
8063,0
8064,0
8065,3
8066,2
8067,2
8068,1
8069,0
8070,1
8071,3
8072,3
8073,0
8074,3
8075,3
8076,0
8077,3
8078,0
8079,0
8080,0
8081,0
8082,3
8083,1
8084,0
8085,3
8086,1
8087,3
8088,3
8089,3
8090,3
8091,0
8092,3
8093,2
8094,2
8095,1
8096,0
8097,2
8098,0
8099,2
8100,0
8101,0
8102,3
8103,2
8104,1
8105,0
8106,2
8107,3
8108,0
8109,0
8110,3
8111,3
8112,3
8113,0
8114,1
8115,0
8116,1
8117,0
8118,2
8119,0
8120,1
8121,3
8122,3
8123,3
8124,0
8125,1
8126,3
8127,3
8128,3
8129,2
8130,3
8131,2
8132,0
8133,2
8134,1
8135,2
8136,1
8137,2
8138,0
8139,3
8140,0
8141,3
8142,1
8143,0
8144,3
8145,0
8146,0
8147,3
8148,3
8149,0
8150,0
8151,1
8152,3
8153,1
8154,1
8155,1
8156,0
8157,3
8158,2
8159,0
8160,2
8161,1
8162,0
8163,2
8164,1
8165,3
8166,2
8167,1
8168,0
8169,3
8170,3
8171,0
8172,0
8173,3
8174,2
8175,3
8176,1
8177,3
8178,3
8179,0
8180,2
8181,0
8182,1
8183,3
8184,0
8185,0
8186,1
8187,0
8188,2
8189,1
8190,3
8191,3
8192,3
8193,0
8194,2
8195,3
8196,2
8197,1
8198,1
8199,1
8200,1
8201,0
8202,2
8203,2
8204,2
8205,1
8206,0
8207,3
8208,2
8209,3
8210,0
8211,2
8212,3
8213,0
8214,1
8215,2
8216,0
8217,1
8218,3
8219,3
8220,0
8221,2
8222,0
8223,1
8224,0
8225,3
8226,2
8227,1
8228,3
8229,3
8230,1
8231,0
8232,3
8233,3
8234,1
8235,0
8236,3
8237,1
8238,1
8239,0
8240,1
8241,0
8242,3
8243,2
8244,3
8245,1
8246,0
8247,0
8248,3
8249,1
8250,2
8251,0
8252,3
8253,0
8254,1
8255,1
8256,2
8257,3
8258,3
8259,1
8260,3
8261,0
8262,2
8263,0
8264,3
8265,0
8266,0
8267,3
8268,3
8269,2
8270,2
8271,0
8272,3
8273,1
8274,3
8275,0
8276,0
8277,3
8278,1
8279,1
8280,1
8281,3
8282,1
8283,2
8284,3
8285,0
8286,3
8287,3
8288,0
8289,1
8290,3
8291,2
8292,3
8293,0
8294,1
8295,0
8296,0
8297,2
8298,3
8299,1
8300,3
8301,2
8302,2
8303,2
8304,0
8305,0
8306,1
8307,3
8308,3
8309,3
8310,0
8311,3
8312,2
8313,0
8314,2
8315,2
8316,3
8317,3
8318,0
8319,1
8320,1
8321,0
8322,0
8323,0
8324,0
8325,1
8326,3
8327,2
8328,0
8329,3
8330,0
8331,0
8332,3
8333,0
8334,0
8335,3
8336,2
8337,0
8338,0
8339,0
8340,3
8341,2
8342,0
8343,3
8344,1
8345,0
8346,2
8347,0
8348,2
8349,0
8350,3
8351,1
8352,1
8353,3
8354,3
8355,0
8356,2
8357,3
8358,0
8359,3
8360,3
8361,3
8362,0
8363,1
8364,0
8365,2
8366,0
8367,1
8368,3
8369,3
8370,1
8371,3
8372,1
8373,2
8374,1
8375,0
8376,0
8377,1
8378,2
8379,0
8380,2
8381,2
8382,2
8383,0
8384,3
8385,0
8386,3
8387,1
8388,1
8389,0
8390,3
8391,3
8392,1
8393,3
8394,0
8395,3
8396,0
8397,0
8398,2
8399,1
8400,0
8401,2
8402,3
8403,0
8404,0
8405,0
8406,3
8407,0
8408,2
8409,3
8410,3
8411,3
8412,2
8413,0
8414,3
8415,2
8416,3
8417,3
8418,0
8419,3
8420,1
8421,3
8422,0
8423,1
8424,0
8425,0
8426,2
8427,2
8428,1
8429,0
8430,0
8431,2
8432,3
8433,2
8434,3
8435,3
8436,3
8437,2
8438,0
8439,0
8440,1
8441,1
8442,3
8443,2
8444,1
8445,0
8446,3
8447,3
8448,1
8449,2
8450,3
8451,2
8452,2
8453,3
8454,0
8455,3
8456,3
8457,3
8458,0
8459,2
8460,3
8461,3
8462,3
8463,1
8464,3
8465,0
8466,2
8467,0
8468,0
8469,0
8470,2
8471,1
8472,2
8473,0
8474,1
8475,2
8476,1
8477,3
8478,2
8479,3
8480,2
8481,1
8482,3
8483,2
8484,3
8485,1
8486,3
8487,3
8488,3
8489,3
8490,1
8491,1
8492,3
8493,3
8494,0
8495,2
8496,3
8497,3
8498,3
8499,0
8500,0
8501,3
8502,2
8503,3
8504,0
8505,2
8506,0
8507,0
8508,2
8509,3
8510,3
8511,3
8512,0
8513,0
8514,3
8515,0
8516,1
8517,1
8518,3
8519,3
8520,3
8521,2
8522,2
8523,3
8524,2
8525,2
8526,0
8527,3
8528,3
8529,0
8530,3
8531,3
8532,0
8533,3
8534,2
8535,0
8536,1
8537,2
8538,0
8539,0
8540,0
8541,2
8542,0
8543,2
8544,1
8545,0
8546,1
8547,3
8548,1
8549,0
8550,1
8551,0
8552,2
8553,0
8554,3
8555,2
8556,1
8557,2
8558,3
8559,1
8560,3
8561,0
8562,2
8563,0
8564,0
8565,3
8566,2
8567,1
8568,3
8569,3
8570,0
8571,3
8572,3
8573,3
8574,0
8575,1
8576,3
8577,1
8578,2
8579,3
8580,3
8581,2
8582,3
8583,3
8584,1
8585,1
8586,0
8587,2
8588,0
8589,0
8590,1
8591,0
8592,3
8593,0
8594,1
8595,2
8596,3
8597,1
8598,0
8599,1
8600,3
8601,0
8602,1
8603,1
8604,0
8605,2
8606,2
8607,1
8608,2
8609,3
8610,1
8611,2
8612,1
8613,2
8614,2
8615,0
8616,2
8617,3
8618,0
8619,1
8620,0
8621,2
8622,3
8623,0
8624,0
8625,0
8626,2
8627,3
8628,1
8629,0
8630,0
8631,2
8632,0
8633,3
8634,0
8635,0
8636,3
8637,3
8638,3
8639,3
8640,1
8641,1
8642,0
8643,2
8644,3
8645,0
8646,0
8647,1
8648,0
8649,1
8650,0
8651,2
8652,1
8653,3
8654,3
8655,3
8656,3
8657,2
8658,0
8659,3
8660,0
8661,3
8662,0
8663,3
8664,3
8665,2
8666,3
8667,0
8668,3
8669,1
8670,3
8671,2
8672,0
8673,0
8674,1
8675,1
8676,0
8677,1
8678,3
8679,1
8680,0
8681,0
8682,2
8683,2
8684,3
8685,0
8686,3
8687,0
8688,1
8689,2
8690,0
8691,0
8692,2
8693,3
8694,0
8695,0
8696,2
8697,3
8698,0
8699,2
8700,0
8701,2
8702,0
8703,2
8704,0
8705,3
8706,3
8707,1
8708,1
8709,3
8710,0
8711,0
8712,1
8713,0
8714,1
8715,0
8716,2
8717,3
8718,0
8719,3
8720,3
8721,1
8722,3
8723,2
8724,2
8725,2
8726,2
8727,1
8728,1
8729,0
8730,2
8731,0
8732,0
8733,3
8734,3
8735,0
8736,2
8737,1
8738,3
8739,3
8740,3
8741,3
8742,1
8743,0
8744,3
8745,2
8746,2
8747,3
8748,0
8749,3
8750,0
8751,1
8752,2
8753,3
8754,1
8755,0
8756,3
8757,3
8758,1
8759,2
8760,2
8761,1
8762,0
8763,3
8764,2
8765,2
8766,3
8767,2
8768,1
8769,2
8770,2
8771,1
8772,1
8773,3
8774,0
8775,0
8776,0
8777,0
8778,0
8779,3
8780,1
8781,3
8782,1
8783,1
8784,1
8785,2
8786,3
8787,0
8788,1
8789,2
8790,1
8791,2
8792,0
8793,1
8794,2
8795,3
8796,2
8797,2
8798,3
8799,1
8800,0
8801,1
8802,0
8803,0
8804,3
8805,3
8806,3
8807,2
8808,1
8809,0
8810,0
8811,1
8812,3
8813,1
8814,3
8815,0
8816,1
8817,2
8818,0
8819,1
8820,3
8821,0
8822,3
8823,2
8824,0
8825,1
8826,3
8827,0
8828,1
8829,2
8830,1
8831,3
8832,1
8833,3
8834,0
8835,1
8836,0
8837,0
8838,2
8839,0
8840,1
8841,2
8842,0
8843,1
8844,2
8845,1
8846,0
8847,1
8848,0
8849,2
8850,1
8851,3
8852,0
8853,1
8854,0
8855,2
8856,0
8857,3
8858,0
8859,0
8860,1
8861,2
8862,3
8863,0
8864,0
8865,2
8866,2
8867,2
8868,3
8869,0
8870,3
8871,2
8872,1
8873,2
8874,3
8875,0
8876,2
8877,1
8878,3
8879,0
8880,2
8881,2
8882,0
8883,3
8884,0
8885,2
8886,1
8887,1
8888,1
8889,3
8890,1
8891,2
8892,0
8893,0
8894,0
8895,1
8896,3
8897,0
8898,0
8899,3
8900,2
8901,3
8902,0
8903,2
8904,0
8905,0
8906,3
8907,3
8908,1
8909,3
8910,3
8911,2
8912,0
8913,2
8914,1
8915,3
8916,3
8917,2
8918,0
8919,2
8920,3
8921,1
8922,0
8923,2
8924,2
8925,2
8926,0
8927,0
8928,1
8929,3
8930,3
8931,3
8932,3
8933,2
8934,3
8935,0
8936,2
8937,2
8938,1
8939,2
8940,0
8941,2
8942,3
8943,2
8944,3
8945,2
8946,0
8947,3
8948,0
8949,3
8950,2
8951,2
8952,0
8953,3
8954,1
8955,2
8956,3
8957,3
8958,3
8959,1
8960,0
8961,1
8962,2
8963,3
8964,0
8965,1
8966,3
8967,0
8968,0
8969,0
8970,3
8971,3
8972,3
8973,0
8974,2
8975,0
8976,3
8977,0
8978,2
8979,2
8980,2
8981,3
8982,1
8983,2
8984,0
8985,2
8986,3
8987,1
8988,3
8989,3
8990,1
8991,3
8992,3
8993,0
8994,3
8995,1
8996,3
8997,0
8998,1
8999,1
9000,3
9001,0
9002,0
9003,3
9004,0
9005,2
9006,2
9007,3
9008,3
9009,1
9010,3
9011,1
9012,3
9013,0
9014,0
9015,3
9016,2
9017,3
9018,3
9019,3
9020,2
9021,1
9022,0
9023,1
9024,0
9025,2
9026,0
9027,3
9028,3
9029,1
9030,3
9031,1
9032,0
9033,0
9034,2
9035,3
9036,3
9037,0
9038,3
9039,3
9040,0
9041,2
9042,0
9043,3
9044,3
9045,1
9046,1
9047,0
9048,3
9049,2
9050,2
9051,0
9052,3
9053,2
9054,0
9055,3
9056,3
9057,2
9058,0
9059,3
9060,0
9061,0
9062,1
9063,3
9064,3
9065,0
9066,0
9067,0
9068,3
9069,2
9070,1
9071,2
9072,1
9073,0
9074,0
9075,1
9076,0
9077,2
9078,2
9079,0
9080,1
9081,3
9082,2
9083,2
9084,3
9085,3
9086,2
9087,3
9088,1
9089,3
9090,1
9091,2
9092,0
9093,0
9094,3
9095,3
9096,1
9097,2
9098,2
9099,2
9100,2
9101,2
9102,3
9103,2
9104,0
9105,0
9106,0
9107,3
9108,1
9109,0
9110,0
9111,0
9112,1
9113,0
9114,0
9115,1
9116,1
9117,1
9118,0
9119,3
9120,0
9121,0
9122,3
9123,2
9124,0
9125,0
9126,3
9127,3
9128,3
9129,2
9130,3
9131,3
9132,2
9133,3
9134,0
9135,2
9136,3
9137,3
9138,1
9139,0
9140,1
9141,0
9142,0
9143,3
9144,0
9145,1
9146,2
9147,2
9148,0
9149,3
9150,0
9151,1
9152,0
9153,3
9154,2
9155,3
9156,3
9157,2
9158,0
9159,1
9160,2
9161,0
9162,0
9163,1
9164,2
9165,3
9166,1
9167,3
9168,3
9169,3
9170,0
9171,2
9172,3
9173,3
9174,2
9175,2
9176,0
9177,2
9178,1
9179,1
9180,3
9181,3
9182,0
9183,3
9184,3
9185,1
9186,3
9187,0
9188,3
9189,0
9190,3
9191,3
9192,2
9193,1
9194,1
9195,1
9196,3
9197,0
9198,1
9199,2
9200,2
9201,0
9202,1
9203,3
9204,0
9205,3
9206,3
9207,2
9208,3
9209,2
9210,3
9211,2
9212,0
9213,0
9214,3
9215,1
9216,2
9217,3
9218,1
9219,2
9220,1
9221,2
9222,1
9223,0
9224,0
9225,0
9226,0
9227,0
9228,2
9229,0
9230,3
9231,3
9232,3
9233,0
9234,1
9235,1
9236,3
9237,3
9238,0
9239,1
9240,0
9241,0
9242,3
9243,0
9244,2
9245,3
9246,3
9247,3
9248,0
9249,1
9250,0
9251,3
9252,3
9253,3
9254,2
9255,3
9256,2
9257,3
9258,1
9259,3
9260,0
9261,2
9262,3
9263,1
9264,0
9265,0
9266,0
9267,0
9268,3
9269,2
9270,3
9271,2
9272,1
9273,2
9274,2
9275,3
9276,3
9277,2
9278,0
9279,3
9280,0
9281,1
9282,1
9283,0
9284,1
9285,0
9286,0
9287,3
9288,3
9289,2
9290,0
9291,0
9292,0
9293,3
9294,2
9295,0
9296,0
9297,2
9298,3
9299,0
9300,1
9301,1
9302,1
9303,3
9304,3
9305,1
9306,2
9307,3
9308,1
9309,0
9310,3
9311,2
9312,0
9313,3
9314,0
9315,2
9316,3
9317,0
9318,0
9319,2
9320,2
9321,3
9322,2
9323,0
9324,1
9325,0
9326,1
9327,3
9328,1
9329,0
9330,0
9331,3
9332,1
9333,0
9334,3
9335,1
9336,2
9337,0
9338,2
9339,0
9340,2
9341,0
9342,2
9343,3
9344,3
9345,3
9346,0
9347,3
9348,3
9349,0
9350,3
9351,0
9352,0
9353,0
9354,3
9355,1
9356,2
9357,3
9358,0
9359,0
9360,1
9361,0
9362,0
9363,1
9364,0
9365,3
9366,0
9367,0
9368,3
9369,0
9370,1
9371,2
9372,1
9373,0
9374,3
9375,1
9376,0
9377,3
9378,0
9379,3
9380,0
9381,3
9382,0
9383,0
9384,3
9385,1
9386,3
9387,2
9388,3
9389,3
9390,0
9391,3
9392,2
9393,0
9394,2
9395,3
9396,2
9397,3
9398,0
9399,2
9400,0
9401,0
9402,1
9403,1
9404,3
9405,0
9406,0
9407,1
9408,0
9409,3
9410,0
9411,2
9412,0
9413,3
9414,0
9415,1
9416,2
9417,1
9418,0
9419,0
9420,1
9421,3
9422,0
9423,1
9424,3
9425,3
9426,0
9427,2
9428,3
9429,3
9430,2
9431,2
9432,0
9433,2
9434,1
9435,2
9436,1
9437,0
9438,3
9439,2
9440,0
9441,0
9442,1
9443,2
9444,2
9445,3
9446,0
9447,3
9448,3
9449,2
9450,1
9451,2
9452,3
9453,0
9454,3
9455,0
9456,1
9457,1
9458,0
9459,0
9460,1
9461,0
9462,0
9463,0
9464,1
9465,3
9466,0
9467,3
9468,1
9469,3
9470,2
9471,0
9472,0
9473,0
9474,3
9475,0
9476,3
9477,0
9478,3
9479,0
9480,3
9481,2
9482,2
9483,1
9484,0
9485,1
9486,3
9487,1
9488,0
9489,3
9490,0
9491,3
9492,3
9493,2
9494,0
9495,3
9496,0
9497,1
9498,1
9499,2
9500,3
9501,3
9502,1
9503,1
9504,3
9505,1
9506,3
9507,1
9508,0
9509,1
9510,2
9511,0
9512,0
9513,2
9514,2
9515,2
9516,3
9517,2
9518,3
9519,0
9520,2
9521,1
9522,3
9523,0
9524,1
9525,0
9526,0
9527,0
9528,0
9529,3
9530,3
9531,0
9532,2
9533,3
9534,3
9535,0
9536,3
9537,1
9538,0
9539,0
9540,1
9541,2
9542,3
9543,0
9544,2
9545,2
9546,3
9547,3
9548,1
9549,2
9550,3
9551,0
9552,0
9553,0
9554,1
9555,3
9556,3
9557,2
9558,3
9559,3
9560,3
9561,2
9562,0
9563,2
9564,2
9565,2
9566,2
9567,1
9568,2
9569,3
9570,1
9571,2
9572,3
9573,1
9574,1
9575,0
9576,0
9577,0
9578,0
9579,0
9580,3
9581,3
9582,0
9583,0
9584,3
9585,0
9586,3
9587,0
9588,2
9589,0
9590,0
9591,0
9592,3
9593,3
9594,3
9595,2
9596,3
9597,2
9598,1
9599,3
9600,3
9601,2
9602,1
9603,3
9604,3
9605,3
9606,0
9607,1
9608,3
9609,0
9610,1
9611,0
9612,0
9613,1
9614,3
9615,3
9616,0
9617,3
9618,1
9619,3
9620,2
9621,2
9622,1
9623,1
9624,1
9625,0
9626,3
9627,0
9628,0
9629,2
9630,1
9631,3
9632,3
9633,2
9634,2
9635,0
9636,1
9637,3
9638,0
9639,2
9640,0
9641,2
9642,1
9643,2
9644,1
9645,0
9646,3
9647,0
9648,0
9649,0
9650,0
9651,2
9652,1
9653,3
9654,3
9655,3
9656,2
9657,3
9658,0
9659,2
9660,0
9661,2
9662,3
9663,0
9664,2
9665,0
9666,3
9667,2
9668,0
9669,3
9670,1
9671,3
9672,2
9673,3
9674,0
9675,2
9676,3
9677,2
9678,3
9679,0
9680,0
9681,2
9682,0
9683,3
9684,0
9685,3
9686,0
9687,2
9688,2
9689,3
9690,2
9691,1
9692,0
9693,2
9694,0
9695,3
9696,3
9697,3
9698,2
9699,0
9700,2
9701,0
9702,0
9703,2
9704,3
9705,1
9706,2
9707,0
9708,3
9709,0
9710,1
9711,2
9712,1
9713,0
9714,1
9715,2
9716,3
9717,1
9718,3
9719,0
9720,3
9721,0
9722,0
9723,3
9724,3
9725,2
9726,3
9727,0
9728,1
9729,3
9730,0
9731,3
9732,3
9733,0
9734,3
9735,1
9736,3
9737,3
9738,2
9739,0
9740,1
9741,1
9742,3
9743,0
9744,3
9745,0
9746,3
9747,0
9748,0
9749,1
9750,1
9751,1
9752,0
9753,3
9754,2
9755,3
9756,3
9757,3
9758,0
9759,1
9760,1
9761,2
9762,0
9763,0
9764,0
9765,2
9766,3
9767,3
9768,0
9769,3
9770,3
9771,2
9772,1
9773,2
9774,0
9775,2
9776,3
9777,0
9778,2
9779,1
9780,0
9781,1
9782,2
9783,0
9784,1
9785,2
9786,2
9787,0
9788,3
9789,0
9790,0
9791,3
9792,1
9793,2
9794,2
9795,3
9796,2
9797,1
9798,1
9799,3
9800,1
9801,3
9802,3
9803,0
9804,0
9805,0
9806,3
9807,3
9808,3
9809,3
9810,0
9811,0
9812,1
9813,0
9814,3
9815,3
9816,0
9817,3
9818,0
9819,3
9820,0
9821,2
9822,2
9823,0
9824,2
9825,0
9826,0
9827,0
9828,3
9829,0
9830,0
9831,2
9832,0
9833,3
9834,1
9835,3
9836,0
9837,1
9838,3
9839,0
9840,3
9841,1
9842,0
9843,0
9844,3
9845,1
9846,0
9847,2
9848,1
9849,2
9850,0
9851,0
9852,2
9853,0
9854,2
9855,3
9856,3
9857,3
9858,0
9859,2
9860,1
9861,1
9862,2
9863,1
9864,0
9865,2
9866,3
9867,3
9868,1
9869,2
9870,1
9871,3
9872,2
9873,3
9874,1
9875,0
9876,2
9877,1
9878,3
9879,1
9880,3
9881,0
9882,3
9883,0
9884,2
9885,1
9886,0
9887,0
9888,2
9889,3
9890,3
9891,3
9892,1
9893,0
9894,1
9895,0
9896,0
9897,1
9898,0
9899,2
9900,2
9901,1
9902,1
9903,3
9904,2
9905,2
9906,0
9907,2
9908,2
9909,0
9910,3
9911,3
9912,0
9913,1
9914,0
9915,1
9916,3
9917,3
9918,3
9919,3
9920,2
9921,0
9922,3
9923,3
9924,3
9925,3
9926,0
9927,3
9928,3
9929,3
9930,3
9931,0
9932,1
9933,0
9934,2
9935,1
9936,0
9937,3
9938,2
9939,3
9940,2
9941,1
9942,0
9943,3
9944,0
9945,0
9946,1
9947,1
9948,0
9949,1
9950,2
9951,1
9952,1
9953,0
9954,1
9955,1
9956,2
9957,3
9958,3
9959,1
9960,1
9961,0
9962,1
9963,3
9964,0
9965,1
9966,0
9967,3
9968,2
9969,3
9970,0
9971,3
9972,1
9973,2
9974,0
9975,1
9976,0
9977,2
9978,0
9979,1
9980,0
9981,2
9982,1
9983,0
9984,2
9985,3
9986,1
9987,1
9988,0
9989,3
9990,0
9991,1
9992,3
9993,0
9994,0
9995,2
9996,0
9997,2
9998,0
9999,2
10000,0
10001,0
10002,1
10003,3
10004,0
10005,0
10006,0
10007,1
10008,0
10009,0
10010,0
10011,0
10012,0
10013,0
10014,0
10015,0
10016,3
10017,2
10018,0
10019,0
10020,0
10021,0
10022,0
10023,0
10024,0
10025,0
10026,0
10027,0
10028,0
10029,0
10030,0
10031,0
10032,0
10033,0
10034,0
10035,2
10036,0
10037,0
10038,0
10039,0
10040,0
10041,3
10042,0
10043,0
10044,0
10045,0
10046,0
10047,1
10048,0
10049,0
10050,0
10051,0
10052,0
10053,0
10054,0
10055,0
10056,0
10057,0
10058,0
10059,0
10060,0
10061,0
10062,0
10063,0
10064,0
10065,0
10066,0
10067,0
10068,3
10069,0
10070,0
10071,0
10072,0
10073,0
10074,0
10075,0
10076,0
10077,3
10078,0
10079,0
10080,0
10081,0
10082,0
10083,3
10084,0
10085,0
10086,3
10087,0
10088,0
10089,0
10090,0
10091,0
10092,0
10093,0
10094,0
10095,0
10096,0
10097,0
10098,0
10099,0
10100,0
10101,0
10102,0
10103,2
10104,0
10105,0
10106,2
10107,0
10108,0
10109,0
10110,0
10111,0
10112,2
10113,0
10114,0
10115,0
10116,0
10117,0
10118,0
10119,0
10120,0
10121,0
10122,0
10123,0
10124,3
10125,0
10126,0
10127,0
10128,2
10129,0
10130,0
10131,2
10132,0
10133,0
10134,0
10135,0
10136,0
10137,0
10138,0
10139,0
10140,0
10141,0
10142,0
10143,3
10144,0
10145,0
10146,0
10147,2
10148,0
10149,0
10150,0
10151,0
10152,0
10153,2
10154,0
10155,0
10156,0
10157,0
10158,0
10159,2
10160,0
10161,0
10162,2
10163,0
10164,3
10165,0
10166,0
10167,0
10168,0
10169,0
10170,0
10171,3
10172,2
10173,0
10174,2
10175,0
10176,2
10177,2
10178,2
10179,0
10180,0
10181,0
10182,0
10183,0
10184,0
10185,0
10186,0
10187,0
10188,0
10189,0
10190,0
10191,3
10192,0
10193,0
10194,0
10195,2
10196,0
10197,0
10198,2
10199,0
10200,0
10201,0
10202,0
10203,0
10204,0
10205,0
10206,0
10207,3
10208,0
10209,2
10210,0
10211,3
10212,3
10213,2
10214,0
10215,2
10216,3
10217,0
10218,0
10219,0
10220,0
10221,0
10222,0
10223,0
10224,0
10225,2
10226,2
10227,3
10228,0
10229,0
10230,0
10231,0
10232,0
10233,2
10234,3
10235,0
10236,2
10237,0
10238,2
10239,0
10240,0
10241,0
10242,0
10243,3
10244,0
10245,0
10246,0
10247,3
10248,2
10249,0
10250,0
10251,0
10252,2
10253,0
10254,0
10255,2
10256,0
10257,0
10258,0
10259,2
10260,0
10261,0
10262,0
10263,0
10264,0
10265,0
10266,0
10267,0
10268,0
10269,3
10270,2
10271,0
10272,0
10273,0
10274,2
10275,0
10276,0
10277,0
10278,2
10279,0
10280,0
10281,0
10282,3
10283,2
10284,0
10285,0
10286,0
10287,0
10288,0
10289,0
10290,2
10291,0
10292,0
10293,0
10294,0
10295,3
10296,0
10297,0
10298,0
10299,0
10300,0
10301,2
10302,0
10303,0
10304,0
10305,0
10306,0
10307,0
10308,0
10309,0
10310,1
10311,0
10312,0
10313,0
10314,2
10315,0
10316,0
10317,0
10318,3
10319,0
10320,0
10321,0
10322,0
10323,0
10324,2
10325,0
10326,0
10327,0
10328,0
10329,2
10330,0
10331,0
10332,0
10333,0
10334,0
10335,0
10336,0
10337,0
10338,0
10339,1
10340,0
10341,0
10342,0
10343,0
10344,3
10345,0
10346,0
10347,0
10348,0
10349,0
10350,0
10351,0
10352,0
10353,0
10354,0
10355,0
10356,0
10357,0
10358,0
10359,0
10360,0
10361,0
10362,0
10363,0
10364,0
10365,0
10366,0
10367,0
10368,0
10369,0
10370,0
10371,0
10372,3
10373,2
10374,0
10375,0
10376,0
10377,0
10378,0
10379,0
10380,0
10381,0
10382,0
10383,0
10384,0
10385,0
10386,0
10387,0
10388,0
10389,0
10390,0
10391,0
10392,0
10393,2
10394,0
10395,0
10396,0
10397,0
10398,0
10399,3
10400,0
10401,0
10402,0
10403,0
10404,0
10405,3
10406,0
10407,0
10408,0
10409,0
10410,3
10411,0
10412,0
10413,0
10414,0
10415,0
10416,0
10417,0
10418,0
10419,0
10420,0
10421,0
10422,0
10423,3
10424,0
10425,0
10426,0
10427,0
10428,3
10429,3
10430,0
10431,0
10432,0
10433,0
10434,0
10435,0
10436,0
10437,0
10438,0
10439,0
10440,0
10441,0
10442,0
10443,0
10444,0
10445,0
10446,0
10447,0
10448,0
10449,0
10450,0
10451,0
10452,3
10453,3
10454,0
10455,0
10456,0
10457,0
10458,0
10459,0
10460,0
10461,0
10462,3
10463,0
10464,0
10465,0
10466,0
10467,0
10468,3
10469,0
10470,3
10471,0
10472,0
10473,0
10474,0
10475,0
10476,0
10477,0
10478,0
10479,1
10480,0
10481,0
10482,0
10483,0
10484,3
10485,0
10486,2
10487,0
10488,0
10489,0
10490,0
10491,0
10492,0
10493,1
10494,0
10495,0
10496,0
10497,1
10498,1
10499,1
10500,2
10501,1
10502,1
10503,1
10504,3
10505,1
10506,0
10507,1
10508,1
10509,1
10510,1
10511,1
10512,1
10513,1
10514,2
10515,1
10516,1
10517,1
10518,1
10519,1
10520,1
10521,1
10522,1
10523,1
10524,1
10525,1
10526,1
10527,1
10528,1
10529,3
10530,2
10531,2
10532,1
10533,2
10534,1
10535,3
10536,1
10537,1
10538,1
10539,1
10540,1
10541,1
10542,1
10543,2
10544,0
10545,1
10546,2
10547,1
10548,1
10549,1
10550,1
10551,1
10552,1
10553,1
10554,2
10555,1
10556,1
10557,1
10558,1
10559,2
10560,1
10561,3
10562,1
10563,2
10564,1
10565,1
10566,1
10567,3
10568,1
10569,1
10570,1
10571,1
10572,1
10573,3
10574,0
10575,1
10576,1
10577,1
10578,1
10579,1
10580,1
10581,1
10582,1
10583,1
10584,1
10585,1
10586,1
10587,1
10588,1
10589,1
10590,0
10591,1
10592,1
10593,1
10594,1
10595,1
10596,1
10597,1
10598,1
10599,1
10600,1
10601,1
10602,3
10603,1
10604,1
10605,1
10606,1
10607,1
10608,0
10609,1
10610,1
10611,0
10612,3
10613,1
10614,1
10615,1
10616,1
10617,0
10618,1
10619,1
10620,2
10621,1
10622,1
10623,0
10624,1
10625,1
10626,0
10627,1
10628,1
10629,1
10630,1
10631,1
10632,0
10633,1
10634,1
10635,1
10636,0
10637,0
10638,1
10639,1
10640,1
10641,1
10642,1
10643,1
10644,1
10645,1
10646,1
10647,1
10648,1
10649,0
10650,1
10651,1
10652,1
10653,0
10654,1
10655,1
10656,1
10657,1
10658,0
10659,1
10660,1
10661,3
10662,1
10663,1
10664,1
10665,1
10666,1
10667,0
10668,1
10669,1
10670,1
10671,1
10672,1
10673,0
10674,1
10675,1
10676,1
10677,0
10678,2
10679,1
10680,0
10681,1
10682,0
10683,1
10684,1
10685,1
10686,1
10687,1
10688,0
10689,1
10690,1
10691,1
10692,1
10693,3
10694,1
10695,1
10696,1
10697,1
10698,1
10699,1
10700,2
10701,1
10702,1
10703,0
10704,1
10705,1
10706,1
10707,1
10708,1
10709,1
10710,1
10711,1
10712,1
10713,0
10714,1
10715,1
10716,1
10717,1
10718,1
10719,0
10720,1
10721,3
10722,2
10723,1
10724,1
10725,2
10726,1
10727,1
10728,1
10729,1
10730,0
10731,1
10732,3
10733,1
10734,0
10735,1
10736,2
10737,1
10738,1
10739,1
10740,1
10741,1
10742,1
10743,1
10744,2
10745,1
10746,0
10747,1
10748,3
10749,1
10750,1
10751,2
10752,1
10753,1
10754,1
10755,1
10756,1
10757,1
10758,1
10759,1
10760,1
10761,0
10762,1
10763,1
10764,2
10765,1
10766,1
10767,1
10768,1
10769,1
10770,1
10771,1
10772,1
10773,1
10774,1
10775,1
10776,0
10777,3
10778,1
10779,1
10780,0
10781,1
10782,2
10783,1
10784,1
10785,1
10786,1
10787,1
10788,1
10789,2
10790,1
10791,1
10792,1
10793,1
10794,2
10795,1
10796,1
10797,1
10798,1
10799,1
10800,3
10801,2
10802,1
10803,1
10804,1
10805,1
10806,1
10807,3
10808,1
10809,3
10810,0
10811,1
10812,1
10813,1
10814,3
10815,1
10816,1
10817,1
10818,0
10819,1
10820,1
10821,1
10822,2
10823,2
10824,0
10825,1
10826,1
10827,1
10828,1
10829,0
10830,3
10831,1
10832,1
10833,3
10834,0
10835,2
10836,1
10837,1
10838,2
10839,1
10840,0
10841,1
10842,3
10843,1
10844,1
10845,1
10846,1
10847,1
10848,2
10849,0
10850,2
10851,1
10852,1
10853,3
10854,1
10855,1
10856,1
10857,1
10858,0
10859,3
10860,2
10861,0
10862,1
10863,2
10864,1
10865,1
10866,1
10867,0
10868,1
10869,2
10870,3
10871,1
10872,3
10873,3
10874,1
10875,1
10876,2
10877,2
10878,2
10879,1
10880,2
10881,2
10882,1
10883,1
10884,2
10885,1
10886,0
10887,1
10888,0
10889,1
10890,1
10891,1
10892,1
10893,0
10894,0
10895,0
10896,1
10897,1
10898,1
10899,1
10900,1
10901,1
10902,1
10903,2
10904,1
10905,1
10906,0
10907,1
10908,1
10909,2
10910,1
10911,0
10912,0
10913,2
10914,3
10915,1
10916,1
10917,1
10918,2
10919,1
10920,1
10921,1
10922,1
10923,1
10924,0
10925,1
10926,1
10927,1
10928,2
10929,1
10930,1
10931,0
10932,3
10933,0
10934,1
10935,1
10936,2
10937,1
10938,1
10939,1
10940,1
10941,1
10942,0
10943,2
10944,2
10945,0
10946,1
10947,1
10948,1
10949,1
10950,0
10951,2
10952,1
10953,0
10954,2
10955,1
10956,1
10957,0
10958,2
10959,1
10960,1
10961,1
10962,1
10963,1
10964,2
10965,1
10966,1
10967,1
10968,3
10969,1
10970,1
10971,1
10972,0
10973,2
10974,1
10975,1
10976,2
10977,1
10978,1
10979,2
10980,1
10981,1
10982,1
10983,0
10984,1
10985,1
10986,1
10987,1
10988,1
10989,1
10990,1
10991,1
10992,1
10993,1
10994,2
10995,3
10996,2
10997,2
10998,2
10999,1
11000,2
11001,2
11002,2
11003,2
11004,1
11005,2
11006,3
11007,0
11008,0
11009,2
11010,2
11011,2
11012,2
11013,2
11014,0
11015,1
11016,2
11017,2
11018,1
11019,3
11020,2
11021,2
11022,1
11023,3
11024,2
11025,3
11026,2
11027,3
11028,1
11029,2
11030,2
11031,1
11032,2
11033,2
11034,2
11035,2
11036,1
11037,1
11038,2
11039,2
11040,2
11041,2
11042,2
11043,2
11044,1
11045,2
11046,1
11047,3
11048,2
11049,2
11050,2
11051,3
11052,2
11053,0
11054,2
11055,1
11056,1
11057,3
11058,1
11059,3
11060,1
11061,2
11062,3
11063,1
11064,2
11065,2
11066,2
11067,2
11068,1
11069,2
11070,3
11071,1
11072,1
11073,2
11074,1
11075,2
11076,2
11077,1
11078,1
11079,0
11080,2
11081,2
11082,2
11083,1
11084,0
11085,3
11086,3
11087,2
11088,2
11089,2
11090,1
11091,2
11092,3
11093,2
11094,2
11095,2
11096,1
11097,2
11098,2
11099,2
11100,2
11101,0
11102,3
11103,1
11104,2
11105,2
11106,2
11107,2
11108,2
11109,2
11110,2
11111,2
11112,2
11113,2
11114,2
11115,1
11116,2
11117,2
11118,1
11119,2
11120,2
11121,2
11122,2
11123,2
11124,2
11125,2
11126,2
11127,3
11128,2
11129,1
11130,2
11131,2
11132,2
11133,2
11134,2
11135,3
11136,2
11137,2
11138,2
11139,2
11140,2
11141,2
11142,2
11143,2
11144,2
11145,2
11146,2
11147,2
11148,2
11149,3
11150,2
11151,2
11152,1
11153,2
11154,2
11155,2
11156,2
11157,2
11158,2
11159,2
11160,2
11161,2
11162,2
11163,2
11164,2
11165,2
11166,1
11167,2
11168,1
11169,2
11170,2
11171,2
11172,2
11173,3
11174,2
11175,1
11176,2
11177,2
11178,2
11179,3
11180,2
11181,2
11182,2
11183,2
11184,2
11185,1
11186,2
11187,2
11188,2
11189,3
11190,1
11191,2
11192,2
11193,2
11194,2
11195,2
11196,2
11197,2
11198,2
11199,2
11200,2
11201,2
11202,2
11203,2
11204,2
11205,2
11206,2
11207,2
11208,2
11209,2
11210,2
11211,2
11212,3
11213,2
11214,2
11215,2
11216,2
11217,2
11218,2
11219,2
11220,3
11221,2
11222,3
11223,2
11224,2
11225,2
11226,3
11227,2
11228,2
11229,2
11230,2
11231,2
11232,2
11233,2
11234,2
11235,2
11236,2
11237,2
11238,2
11239,2
11240,2
11241,2
11242,2
11243,2
11244,2
11245,2
11246,2
11247,2
11248,2
11249,3
11250,2
11251,2
11252,2
11253,2
11254,2
11255,2
11256,2
11257,2
11258,2
11259,2
11260,2
11261,2
11262,2
11263,2
11264,2
11265,2
11266,2
11267,2
11268,2
11269,2
11270,2
11271,2
11272,2
11273,2
11274,2
11275,2
11276,2
11277,2
11278,2
11279,2
11280,2
11281,2
11282,2
11283,2
11284,2
11285,2
11286,2
11287,2
11288,2
11289,2
11290,2
11291,2
11292,2
11293,2
11294,2
11295,2
11296,2
11297,2
11298,2
11299,2
11300,1
11301,2
11302,2
11303,3
11304,2
11305,1
11306,0
11307,2
11308,2
11309,1
11310,2
11311,2
11312,2
11313,2
11314,2
11315,3
11316,0
11317,2
11318,2
11319,2
11320,2
11321,1
11322,1
11323,2
11324,2
11325,2
11326,2
11327,2
11328,3
11329,2
11330,1
11331,1
11332,2
11333,1
11334,2
11335,2
11336,2
11337,3
11338,2
11339,2
11340,2
11341,3
11342,2
11343,2
11344,2
11345,2
11346,2
11347,2
11348,2
11349,1
11350,2
11351,2
11352,2
11353,2
11354,0
11355,2
11356,3
11357,1
11358,2
11359,2
11360,2
11361,1
11362,2
11363,2
11364,2
11365,1
11366,1
11367,2
11368,2
11369,2
11370,2
11371,2
11372,2
11373,2
11374,2
11375,2
11376,1
11377,2
11378,2
11379,3
11380,2
11381,1
11382,1
11383,2
11384,2
11385,1
11386,0
11387,2
11388,2
11389,2
11390,2
11391,0
11392,2
11393,2
11394,2
11395,2
11396,2
11397,2
11398,1
11399,0
11400,1
11401,2
11402,1
11403,2
11404,2
11405,2
11406,2
11407,3
11408,2
11409,2
11410,2
11411,0
11412,2
11413,2
11414,2
11415,2
11416,2
11417,3
11418,2
11419,2
11420,2
11421,2
11422,2
11423,1
11424,2
11425,2
11426,2
11427,2
11428,3
11429,2
11430,2
11431,2
11432,2
11433,2
11434,2
11435,2
11436,2
11437,1
11438,2
11439,2
11440,2
11441,2
11442,2
11443,2
11444,2
11445,2
11446,2
11447,1
11448,1
11449,2
11450,1
11451,2
11452,1
11453,0
11454,2
11455,2
11456,2
11457,1
11458,2
11459,1
11460,2
11461,3
11462,2
11463,2
11464,3
11465,2
11466,2
11467,2
11468,3
11469,2
11470,2
11471,2
11472,2
11473,2
11474,1
11475,2
11476,0
11477,2
11478,2
11479,2
11480,2
11481,2
11482,2
11483,2
11484,3
11485,2
11486,2
11487,2
11488,1
11489,2
11490,2
11491,3
11492,1
11493,3
11494,3
11495,3
11496,2
11497,3
11498,3
11499,1
11500,3
11501,3
11502,3
11503,3
11504,3
11505,3
11506,3
11507,3
11508,3
11509,0
11510,3
11511,3
11512,3
11513,3
11514,3
11515,3
11516,3
11517,3
11518,3
11519,0
11520,3
11521,3
11522,3
11523,3
11524,3
11525,2
11526,3
11527,3
11528,3
11529,3
11530,3
11531,3
11532,0
11533,1
11534,3
11535,3
11536,0
11537,3
11538,3
11539,0
11540,0
11541,3
11542,0
11543,2
11544,3
11545,3
11546,3
11547,3
11548,3
11549,3
11550,3
11551,3
11552,3
11553,3
11554,3
11555,3
11556,3
11557,3
11558,3
11559,3
11560,3
11561,3
11562,3
11563,3
11564,1
11565,3
11566,3
11567,3
11568,3
11569,3
11570,3
11571,0
11572,3
11573,3
11574,3
11575,0
11576,0
11577,1
11578,0
11579,3
11580,3
11581,3
11582,3
11583,3
11584,3
11585,3
11586,3
11587,1
11588,3
11589,1
11590,3
11591,1
11592,3
11593,3
11594,0
11595,1
11596,1
11597,3
11598,1
11599,1
11600,1
11601,3
11602,3
11603,3
11604,3
11605,2
11606,3
11607,3
11608,1
11609,3
11610,0
11611,3
11612,1
11613,3
11614,1
11615,1
11616,0
11617,2
11618,1
11619,1
11620,3
11621,3
11622,3
11623,2
11624,1
11625,3
11626,3
11627,3
11628,3
11629,1
11630,1
11631,3
11632,0
11633,3
11634,1
11635,3
11636,2
11637,3
11638,3
11639,3
11640,1
11641,3
11642,3
11643,0
11644,3
11645,1
11646,3
11647,3
11648,0
11649,3
11650,3
11651,3
11652,1
11653,3
11654,0
11655,3
11656,3
11657,1
11658,2
11659,3
11660,3
11661,3
11662,0
11663,3
11664,2
11665,3
11666,1
11667,3
11668,3
11669,0
11670,0
11671,1
11672,3
11673,3
11674,0
11675,1
11676,3
11677,1
11678,0
11679,3
11680,3
11681,3
11682,3
11683,1
11684,0
11685,3
11686,3
11687,3
11688,3
11689,3
11690,3
11691,3
11692,3
11693,3
11694,3
11695,2
11696,3
11697,3
11698,3
11699,3
11700,3
11701,3
11702,3
11703,3
11704,3
11705,3
11706,3
11707,3
11708,3
11709,3
11710,3
11711,3
11712,0
11713,3
11714,3
11715,3
11716,2
11717,3
11718,3
11719,2
11720,3
11721,3
11722,3
11723,3
11724,3
11725,1
11726,2
11727,1
11728,3
11729,3
11730,3
11731,3
11732,3
11733,3
11734,3
11735,3
11736,3
11737,3
11738,3
11739,2
11740,3
11741,3
11742,3
11743,3
11744,3
11745,3
11746,3
11747,3
11748,3
11749,3
11750,3
11751,3
11752,2
11753,3
11754,3
11755,3
11756,3
11757,3
11758,1
11759,3
11760,3
11761,3
11762,3
11763,3
11764,3
11765,3
11766,3
11767,3
11768,3
11769,3
11770,3
11771,3
11772,3
11773,3
11774,3
11775,3
11776,3
11777,3
11778,3
11779,2
11780,3
11781,3
11782,3
11783,3
11784,2
11785,1
11786,0
11787,0
11788,3
11789,3
11790,3
11791,3
11792,2
11793,3
11794,3
11795,1
11796,1
11797,2
11798,3
11799,3
11800,3
11801,3
11802,3
11803,3
11804,3
11805,3
11806,3
11807,3
11808,3
11809,1
11810,3
11811,3
11812,1
11813,3
11814,3
11815,3
11816,3
11817,0
11818,2
11819,3
11820,3
11821,0
11822,2
11823,3
11824,3
11825,3
11826,1
11827,1
11828,3
11829,3
11830,3
11831,0
11832,3
11833,3
11834,3
11835,3
11836,1
11837,3
11838,3
11839,3
11840,3
11841,3
11842,0
11843,3
11844,3
11845,3
11846,2
11847,3
11848,3
11849,3
11850,3
11851,3
11852,3
11853,0
11854,0
11855,3
11856,3
11857,0
11858,0
11859,3
11860,3
11861,3
11862,3
11863,3
11864,1
11865,0
11866,1
11867,1
11868,0
11869,0
11870,3
11871,3
11872,3
11873,3
11874,3
11875,0
11876,3
11877,3
11878,3
11879,3
11880,3
11881,3
11882,3
11883,1
11884,3
11885,0
11886,0
11887,1
11888,3
11889,3
11890,3
11891,3
11892,3
11893,3
11894,3
11895,3
11896,3
11897,3
11898,3
11899,3
11900,3
11901,3
11902,3
11903,3
11904,3
11905,3
11906,3
11907,3
11908,3
11909,3
11910,3
11911,3
11912,3
11913,3
11914,3
11915,3
11916,3
11917,3
11918,3
11919,3
11920,3
11921,2
11922,3
11923,3
11924,3
11925,1
11926,3
11927,3
11928,3
11929,3
11930,3
11931,1
11932,3
11933,3
11934,3
11935,3
11936,3
11937,1
11938,1
11939,3
11940,3
11941,3
11942,0
11943,3
11944,3
11945,3
11946,3
11947,3
11948,3
11949,3
11950,3
11951,3
11952,3
11953,3
11954,3
11955,0
11956,3
11957,3
11958,2
11959,3
11960,0
11961,3
11962,3
11963,0
11964,3
11965,3
11966,1
11967,1
11968,3
11969,3
11970,3
11971,2
11972,3
11973,3
11974,3
11975,1
11976,3
11977,3
11978,3
11979,3
11980,3
