label,id
2,0
2,1
0,2
2,3
2,4
2,5
0,6
1,7
2,8
2,9
2,10
0,11
3,12
3,13
3,14
0,15
2,16
0,17
2,18
2,19
2,20
2,21
0,22
1,23
0,24
3,25
3,26
3,27
3,28
2,29
3,30
3,31
3,32
1,33
2,34
1,35
3,36
0,37
3,38
3,39
0,40
1,41
2,42
1,43
2,44
3,45
3,46
3,47
0,48
3,49
0,50
1,51
3,52
2,53
0,54
1,55
2,56
2,57
0,58
3,59
1,60
1,61
0,62
0,63
1,64
0,65
0,66
2,67
0,68
2,69
0,70
3,71
1,72
1,73
1,74
1,75
2,76
3,77
1,78
3,79
2,80
1,81
2,82
1,83
1,84
3,85
1,86
2,87
0,88
1,89
3,90
1,91
1,92
0,93
3,94
0,95
0,96
0,97
3,98
0,99
1,100
2,101
2,102
0,103
0,104
3,105
3,106
3,107
2,108
2,109
3,110
3,111
1,112
2,113
3,114
2,115
3,116
0,117
2,118
2,119
3,120
3,121
0,122
2,123
2,124
3,125
0,126
0,127
2,128
0,129
0,130
3,131
1,132
0,133
2,134
1,135
2,136
0,137
2,138
2,139
0,140
0,141
2,142
3,143
1,144
0,145
3,146
3,147
2,148
3,149
3,150
1,151
1,152
2,153
1,154
0,155
3,156
3,157
1,158
0,159
0,160
3,161
3,162
3,163
0,164
2,165
2,166
1,167
2,168
2,169
3,170
3,171
0,172
2,173
0,174
2,175
1,176
1,177
1,178
3,179
3,180
0,181
3,182
0,183
3,184
3,185
3,186
0,187
0,188
2,189
3,190
1,191
1,192
3,193
3,194
1,195
3,196
0,197
1,198
3,199
1,200
1,201
3,202
2,203
1,204
2,205
1,206
0,207
0,208
1,209
1,210
0,211
2,212
3,213
0,214
2,215
0,216
1,217
3,218
3,219
3,220
1,221
3,222
1,223
3,224
1,225
2,226
3,227
1,228
2,229
3,230
2,231
2,232
1,233
0,234
2,235
1,236
0,237
2,238
0,239
2,240
1,241
0,242
0,243
0,244
2,245
0,246
1,247
0,248
3,249
1,250
3,251
0,252
3,253
0,254
0,255
3,256
0,257
1,258
0,259
0,260
3,261
3,262
0,263
0,264
1,265
2,266
1,267
1,268
2,269
1,270
2,271
2,272
2,273
0,274
1,275
1,276
0,277
3,278
2,279
1,280
3,281
3,282
3,283
0,284
0,285
1,286
0,287
0,288
2,289
1,290
0,291
3,292
1,293
2,294
3,295
3,296
1,297
0,298
3,299
2,300
3,301
3,302
1,303
3,304
1,305
3,306
0,307
1,308
3,309
0,310
1,311
3,312
0,313
0,314
0,315
1,316
0,317
3,318
3,319
3,320
3,321
1,322
1,323
3,324
0,325
0,326
1,327
3,328
1,329
2,330
0,331
3,332
2,333
3,334
2,335
1,336
1,337
0,338
0,339
3,340
3,341
3,342
2,343
1,344
0,345
0,346
1,347
3,348
3,349
3,350
0,351
3,352
3,353
3,354
3,355
2,356
1,357
0,358
0,359
0,360
3,361
2,362
3,363
0,364
3,365
3,366
2,367
3,368
0,369
3,370
2,371
3,372
1,373
3,374
3,375
1,376
2,377
3,378
0,379
1,380
1,381
3,382
0,383
3,384
1,385
1,386
1,387
3,388
0,389
3,390
2,391
0,392
0,393
0,394
1,395
0,396
2,397
2,398
0,399
3,400
1,401
1,402
1,403
1,404
2,405
0,406
3,407
0,408
3,409
3,410
2,411
2,412
0,413
0,414
0,415
1,416
3,417
2,418
2,419
0,420
3,421
0,422
2,423
3,424
0,425
1,426
3,427
1,428
1,429
1,430
0,431
1,432
2,433
0,434
0,435
0,436
1,437
0,438
3,439
3,440
3,441
3,442
3,443
1,444
3,445
0,446
3,447
0,448
3,449
3,450
3,451
3,452
1,453
0,454
3,455
1,456
1,457
1,458
3,459
3,460
3,461
3,462
0,463
2,464
0,465
2,466
3,467
1,468
2,469
1,470
0,471
1,472
1,473
1,474
1,475
3,476
0,477
0,478
3,479
3,480
0,481
0,482
3,483
2,484
1,485
1,486
3,487
1,488
0,489
0,490
3,491
2,492
0,493
0,494
3,495
0,496
1,497
3,498
2,499
0,500
0,501
3,502
0,503
0,504
3,505
0,506
3,507
2,508
1,509
3,510
0,511
0,512
1,513
2,514
2,515
0,516
0,517
2,518
2,519
0,520
0,521
1,522
0,523
2,524
0,525
0,526
0,527
3,528
1,529
1,530
0,531
3,532
2,533
0,534
1,535
3,536
0,537
1,538
2,539
0,540
2,541
0,542
1,543
1,544
1,545
3,546
2,547
2,548
1,549
3,550
0,551
0,552
0,553
3,554
0,555
2,556
2,557
1,558
2,559
1,560
0,561
3,562
2,563
0,564
2,565
3,566
1,567
1,568
0,569
0,570
3,571
1,572
0,573
1,574
3,575
0,576
0,577
3,578
2,579
0,580
3,581
2,582
3,583
2,584
3,585
1,586
3,587
3,588
0,589
1,590
3,591
1,592
2,593
3,594
1,595
0,596
0,597
1,598
3,599
0,600
0,601
2,602
0,603
0,604
3,605
0,606
0,607
0,608
1,609
0,610
2,611
3,612
3,613
2,614
3,615
0,616
2,617
3,618
3,619
3,620
3,621
3,622
2,623
3,624
0,625
3,626
3,627
1,628
2,629
0,630
2,631
0,632
0,633
2,634
2,635
3,636
1,637
1,638
3,639
3,640
3,641
3,642
3,643
3,644
2,645
0,646
3,647
1,648
3,649
0,650
0,651
3,652
0,653
0,654
2,655
0,656
3,657
2,658
0,659
1,660
1,661
3,662
0,663
3,664
2,665
3,666
0,667
1,668
0,669
0,670
1,671
2,672
1,673
1,674
3,675
1,676
1,677
0,678
3,679
1,680
1,681
1,682
2,683
0,684
1,685
1,686
0,687
3,688
1,689
1,690
0,691
3,692
2,693
1,694
3,695
0,696
3,697
1,698
1,699
1,700
0,701
0,702
3,703
0,704
1,705
0,706
3,707
1,708
1,709
1,710
3,711
0,712
1,713
2,714
2,715
0,716
0,717
2,718
2,719
0,720
3,721
2,722
3,723
0,724
1,725
3,726
0,727
2,728
0,729
3,730
1,731
3,732
3,733
3,734
0,735
0,736
0,737
2,738
1,739
1,740
1,741
0,742
0,743
3,744
3,745
0,746
2,747
0,748
2,749
0,750
0,751
3,752
3,753
0,754
2,755
3,756
0,757
1,758
1,759
3,760
3,761
2,762
2,763
0,764
0,765
3,766
3,767
2,768
0,769
3,770
3,771
0,772
1,773
1,774
0,775
2,776
0,777
3,778
2,779
3,780
0,781
0,782
1,783
3,784
2,785
3,786
0,787
2,788
1,789
3,790
2,791
0,792
2,793
3,794
1,795
3,796
3,797
2,798
1,799
3,800
2,801
0,802
3,803
1,804
1,805
3,806
2,807
3,808
0,809
0,810
0,811
1,812
2,813
0,814
1,815
1,816
0,817
1,818
1,819
0,820
0,821
3,822
3,823
1,824
2,825
2,826
3,827
2,828
3,829
0,830
2,831
3,832
0,833
1,834
3,835
2,836
2,837
3,838
3,839
3,840
2,841
0,842
0,843
2,844
0,845
1,846
2,847
2,848
0,849
0,850
1,851
0,852
2,853
1,854
0,855
0,856
1,857
1,858
1,859
1,860
2,861
3,862
2,863
3,864
3,865
0,866
3,867
1,868
2,869
3,870
3,871
0,872
2,873
3,874
1,875
3,876
1,877
2,878
3,879
3,880
1,881
3,882
0,883
1,884
1,885
1,886
0,887
2,888
3,889
0,890
1,891
3,892
0,893
2,894
3,895
1,896
0,897
3,898
0,899
0,900
3,901
0,902
3,903
2,904
1,905
0,906
3,907
3,908
2,909
0,910
3,911
3,912
2,913
2,914
0,915
0,916
1,917
1,918
0,919
0,920
3,921
3,922
3,923
2,924
2,925
0,926
2,927
1,928
2,929
0,930
2,931
3,932
3,933
3,934
2,935
1,936
0,937
2,938
0,939
2,940
2,941
2,942
2,943
2,944
0,945
3,946
0,947
3,948
2,949
2,950
1,951
0,952
2,953
3,954
0,955
3,956
3,957
0,958
0,959
0,960
2,961
3,962
2,963
1,964
0,965
3,966
2,967
2,968
0,969
2,970
0,971
3,972
1,973
0,974
3,975
2,976
3,977
2,978
0,979
1,980
0,981
0,982
1,983
3,984
0,985
0,986
0,987
3,988
0,989
2,990
2,991
0,992
3,993
0,994
3,995
0,996
3,997
2,998
1,999
0,1000
1,1001
3,1002
3,1003
0,1004
3,1005
3,1006
3,1007
0,1008
2,1009
3,1010
2,1011
0,1012
1,1013
2,1014
3,1015
3,1016
1,1017
0,1018
3,1019
1,1020
2,1021
0,1022
3,1023
2,1024
3,1025
0,1026
2,1027
0,1028
3,1029
0,1030
3,1031
2,1032
0,1033
3,1034
0,1035
3,1036
1,1037
0,1038
0,1039
3,1040
3,1041
3,1042
3,1043
1,1044
3,1045
1,1046
0,1047
1,1048
1,1049
3,1050
3,1051
3,1052
1,1053
3,1054
0,1055
3,1056
1,1057
2,1058
1,1059
0,1060
1,1061
2,1062
2,1063
2,1064
0,1065
2,1066
0,1067
0,1068
0,1069
3,1070
0,1071
1,1072
3,1073
2,1074
3,1075
3,1076
2,1077
1,1078
1,1079
1,1080
3,1081
1,1082
3,1083
0,1084
0,1085
2,1086
1,1087
2,1088
2,1089
1,1090
1,1091
0,1092
1,1093
3,1094
2,1095
3,1096
2,1097
3,1098
3,1099
0,1100
0,1101
0,1102
0,1103
3,1104
0,1105
2,1106
2,1107
1,1108
2,1109
1,1110
2,1111
1,1112
0,1113
0,1114
2,1115
3,1116
1,1117
0,1118
3,1119
0,1120
3,1121
2,1122
0,1123
0,1124
1,1125
0,1126
3,1127
3,1128
3,1129
3,1130
1,1131
2,1132
0,1133
2,1134
3,1135
2,1136
3,1137
2,1138
1,1139
0,1140
2,1141
3,1142
3,1143
2,1144
3,1145
0,1146
1,1147
3,1148
0,1149
3,1150
0,1151
0,1152
2,1153
0,1154
3,1155
1,1156
2,1157
2,1158
2,1159
3,1160
2,1161
3,1162
3,1163
1,1164
1,1165
0,1166
1,1167
0,1168
0,1169
0,1170
2,1171
3,1172
0,1173
2,1174
2,1175
0,1176
1,1177
2,1178
0,1179
0,1180
3,1181
0,1182
0,1183
0,1184
2,1185
0,1186
3,1187
3,1188
0,1189
0,1190
1,1191
0,1192
2,1193
3,1194
1,1195
2,1196
0,1197
2,1198
0,1199
0,1200
1,1201
0,1202
0,1203
2,1204
3,1205
3,1206
1,1207
3,1208
1,1209
3,1210
1,1211
3,1212
2,1213
1,1214
0,1215
0,1216
0,1217
3,1218
3,1219
3,1220
3,1221
1,1222
2,1223
0,1224
2,1225
0,1226
0,1227
0,1228
0,1229
0,1230
2,1231
0,1232
1,1233
0,1234
2,1235
2,1236
2,1237
0,1238
3,1239
0,1240
3,1241
3,1242
3,1243
1,1244
1,1245
3,1246
3,1247
0,1248
3,1249
0,1250
2,1251
1,1252
0,1253
1,1254
2,1255
1,1256
1,1257
2,1258
0,1259
3,1260
3,1261
0,1262
1,1263
3,1264
2,1265
0,1266
0,1267
2,1268
3,1269
0,1270
3,1271
3,1272
2,1273
3,1274
2,1275
3,1276
2,1277
2,1278
1,1279
3,1280
1,1281
3,1282
0,1283
3,1284
1,1285
3,1286
0,1287
1,1288
3,1289
1,1290
3,1291
2,1292
2,1293
0,1294
3,1295
3,1296
0,1297
3,1298
2,1299
0,1300
0,1301
0,1302
1,1303
2,1304
3,1305
2,1306
2,1307
2,1308
1,1309
3,1310
0,1311
0,1312
0,1313
3,1314
0,1315
1,1316
2,1317
3,1318
2,1319
0,1320
3,1321
2,1322
3,1323
0,1324
1,1325
1,1326
3,1327
0,1328
3,1329
1,1330
3,1331
0,1332
3,1333
0,1334
2,1335
0,1336
0,1337
3,1338
3,1339
1,1340
3,1341
0,1342
0,1343
2,1344
0,1345
2,1346
1,1347
0,1348
0,1349
1,1350
0,1351
2,1352
0,1353
2,1354
3,1355
1,1356
2,1357
3,1358
0,1359
2,1360
3,1361
3,1362
3,1363
3,1364
1,1365
0,1366
0,1367
1,1368
2,1369
2,1370
0,1371
0,1372
2,1373
0,1374
0,1375
0,1376
1,1377
1,1378
0,1379
2,1380
3,1381
3,1382
3,1383
2,1384
1,1385
1,1386
3,1387
0,1388
3,1389
3,1390
3,1391
3,1392
2,1393
3,1394
2,1395
3,1396
0,1397
3,1398
0,1399
1,1400
2,1401
3,1402
0,1403
3,1404
0,1405
3,1406
0,1407
3,1408
0,1409
3,1410
0,1411
3,1412
0,1413
0,1414
3,1415
2,1416
2,1417
1,1418
3,1419
1,1420
3,1421
3,1422
0,1423
2,1424
0,1425
2,1426
3,1427
3,1428
3,1429
3,1430
0,1431
0,1432
0,1433
3,1434
3,1435
1,1436
0,1437
3,1438
3,1439
0,1440
2,1441
1,1442
1,1443
0,1444
3,1445
1,1446
1,1447
3,1448
3,1449
0,1450
2,1451
1,1452
1,1453
2,1454
1,1455
2,1456
2,1457
3,1458
3,1459
3,1460
0,1461
0,1462
3,1463
3,1464
3,1465
0,1466
0,1467
0,1468
3,1469
3,1470
3,1471
2,1472
2,1473
3,1474
3,1475
0,1476
3,1477
3,1478
0,1479
1,1480
1,1481
0,1482
1,1483
2,1484
2,1485
3,1486
3,1487
3,1488
3,1489
0,1490
3,1491
3,1492
0,1493
2,1494
3,1495
0,1496
2,1497
0,1498
1,1499
0,1500
2,1501
0,1502
3,1503
2,1504
1,1505
1,1506
3,1507
3,1508
1,1509
0,1510
0,1511
1,1512
1,1513
3,1514
0,1515
3,1516
1,1517
1,1518
0,1519
0,1520
0,1521
3,1522
0,1523
0,1524
3,1525
2,1526
1,1527
3,1528
3,1529
0,1530
0,1531
1,1532
2,1533
3,1534
2,1535
2,1536
2,1537
3,1538
0,1539
3,1540
0,1541
2,1542
0,1543
2,1544
3,1545
3,1546
1,1547
3,1548
1,1549
3,1550
2,1551
3,1552
2,1553
3,1554
0,1555
0,1556
3,1557
2,1558
0,1559
3,1560
0,1561
3,1562
3,1563
0,1564
2,1565
2,1566
0,1567
3,1568
1,1569
0,1570
1,1571
0,1572
0,1573
1,1574
2,1575
0,1576
1,1577
2,1578
3,1579
3,1580
3,1581
2,1582
1,1583
0,1584
0,1585
3,1586
3,1587
0,1588
2,1589
0,1590
0,1591
3,1592
2,1593
3,1594
3,1595
2,1596
3,1597
2,1598
3,1599
2,1600
2,1601
0,1602
1,1603
3,1604
1,1605
2,1606
0,1607
2,1608
0,1609
3,1610
0,1611
1,1612
3,1613
3,1614
0,1615
3,1616
3,1617
1,1618
0,1619
0,1620
0,1621
0,1622
1,1623
0,1624
3,1625
0,1626
3,1627
3,1628
3,1629
2,1630
2,1631
0,1632
3,1633
0,1634
3,1635
2,1636
2,1637
2,1638
3,1639
2,1640
3,1641
3,1642
1,1643
1,1644
0,1645
1,1646
2,1647
1,1648
3,1649
2,1650
0,1651
3,1652
2,1653
0,1654
3,1655
1,1656
3,1657
3,1658
2,1659
3,1660
1,1661
3,1662
2,1663
3,1664
0,1665
3,1666
1,1667
1,1668
0,1669
1,1670
3,1671
0,1672
0,1673
3,1674
3,1675
0,1676
2,1677
0,1678
1,1679
3,1680
2,1681
0,1682
2,1683
3,1684
3,1685
1,1686
0,1687
1,1688
1,1689
3,1690
3,1691
0,1692
3,1693
3,1694
2,1695
3,1696
1,1697
0,1698
1,1699
2,1700
3,1701
2,1702
0,1703
0,1704
1,1705
2,1706
1,1707
0,1708
3,1709
3,1710
1,1711
2,1712
2,1713
3,1714
0,1715
0,1716
0,1717
2,1718
2,1719
3,1720
3,1721
0,1722
0,1723
2,1724
0,1725
2,1726
0,1727
1,1728
3,1729
0,1730
0,1731
0,1732
3,1733
3,1734
3,1735
3,1736
2,1737
2,1738
1,1739
3,1740
3,1741
2,1742
2,1743
1,1744
3,1745
0,1746
0,1747
2,1748
2,1749
1,1750
1,1751
0,1752
3,1753
0,1754
2,1755
3,1756
1,1757
0,1758
1,1759
2,1760
3,1761
1,1762
2,1763
2,1764
2,1765
3,1766
1,1767
1,1768
1,1769
3,1770
0,1771
1,1772
1,1773
2,1774
3,1775
3,1776
2,1777
0,1778
0,1779
1,1780
2,1781
2,1782
0,1783
3,1784
2,1785
3,1786
1,1787
0,1788
3,1789
0,1790
0,1791
3,1792
1,1793
0,1794
0,1795
0,1796
3,1797
2,1798
0,1799
0,1800
0,1801
3,1802
2,1803
1,1804
1,1805
3,1806
3,1807
3,1808
3,1809
1,1810
0,1811
3,1812
3,1813
3,1814
1,1815
1,1816
2,1817
2,1818
3,1819
2,1820
2,1821
0,1822
1,1823
2,1824
3,1825
1,1826
2,1827
0,1828
3,1829
2,1830
0,1831
2,1832
0,1833
0,1834
3,1835
0,1836
3,1837
1,1838
3,1839
2,1840
0,1841
2,1842
0,1843
0,1844
3,1845
3,1846
1,1847
0,1848
0,1849
3,1850
0,1851
0,1852
0,1853
2,1854
2,1855
2,1856
3,1857
3,1858
2,1859
2,1860
1,1861
3,1862
2,1863
3,1864
3,1865
3,1866
1,1867
0,1868
1,1869
2,1870
3,1871
0,1872
3,1873
3,1874
3,1875
3,1876
1,1877
2,1878
3,1879
1,1880
3,1881
0,1882
0,1883
1,1884
0,1885
3,1886
0,1887
3,1888
3,1889
2,1890
2,1891
1,1892
0,1893
0,1894
1,1895
0,1896
0,1897
2,1898
3,1899
3,1900
0,1901
1,1902
3,1903
3,1904
1,1905
2,1906
3,1907
1,1908
3,1909
3,1910
2,1911
0,1912
3,1913
0,1914
0,1915
1,1916
1,1917
0,1918
1,1919
0,1920
0,1921
2,1922
0,1923
0,1924
2,1925
0,1926
3,1927
2,1928
0,1929
3,1930
3,1931
3,1932
1,1933
0,1934
3,1935
0,1936
0,1937
1,1938
1,1939
0,1940
0,1941
0,1942
0,1943
3,1944
3,1945
1,1946
3,1947
0,1948
0,1949
3,1950
1,1951
0,1952
1,1953
0,1954
1,1955
0,1956
0,1957
0,1958
2,1959
1,1960
0,1961
2,1962
3,1963
0,1964
0,1965
2,1966
2,1967
3,1968
0,1969
3,1970
0,1971
0,1972
0,1973
0,1974
3,1975
3,1976
0,1977
0,1978
1,1979
3,1980
0,1981
3,1982
0,1983
1,1984
3,1985
1,1986
2,1987
0,1988
0,1989
0,1990
0,1991
3,1992
1,1993
0,1994
1,1995
0,1996
3,1997
3,1998
3,1999
2,2000
3,2001
2,2002
0,2003
3,2004
2,2005
1,2006
0,2007
1,2008
0,2009
0,2010
3,2011
3,2012
2,2013
1,2014
1,2015
0,2016
2,2017
2,2018
3,2019
0,2020
0,2021
0,2022
3,2023
2,2024
3,2025
0,2026
0,2027
1,2028
3,2029
0,2030
3,2031
2,2032
3,2033
0,2034
0,2035
0,2036
3,2037
2,2038
0,2039
3,2040
0,2041
1,2042
3,2043
3,2044
3,2045
0,2046
1,2047
0,2048
3,2049
1,2050
0,2051
3,2052
2,2053
1,2054
3,2055
1,2056
3,2057
2,2058
0,2059
3,2060
2,2061
3,2062
3,2063
0,2064
3,2065
3,2066
1,2067
3,2068
2,2069
3,2070
3,2071
3,2072
2,2073
1,2074
1,2075
1,2076
2,2077
0,2078
1,2079
1,2080
3,2081
3,2082
0,2083
3,2084
0,2085
3,2086
2,2087
2,2088
1,2089
1,2090
2,2091
0,2092
1,2093
1,2094
2,2095
3,2096
1,2097
3,2098
3,2099
3,2100
3,2101
0,2102
2,2103
0,2104
3,2105
3,2106
0,2107
3,2108
3,2109
0,2110
2,2111
0,2112
1,2113
2,2114
2,2115
0,2116
0,2117
3,2118
0,2119
3,2120
3,2121
3,2122
3,2123
3,2124
3,2125
3,2126
0,2127
1,2128
3,2129
0,2130
0,2131
0,2132
3,2133
3,2134
2,2135
0,2136
2,2137
0,2138
2,2139
0,2140
0,2141
3,2142
1,2143
3,2144
0,2145
3,2146
3,2147
3,2148
0,2149
2,2150
1,2151
3,2152
3,2153
3,2154
1,2155
1,2156
0,2157
0,2158
2,2159
0,2160
3,2161
0,2162
1,2163
2,2164
2,2165
1,2166
0,2167
2,2168
3,2169
0,2170
3,2171
1,2172
1,2173
1,2174
2,2175
3,2176
3,2177
3,2178
0,2179
0,2180
3,2181
0,2182
2,2183
0,2184
1,2185
1,2186
0,2187
0,2188
3,2189
1,2190
2,2191
2,2192
3,2193
0,2194
3,2195
2,2196
1,2197
3,2198
2,2199
2,2200
1,2201
1,2202
3,2203
3,2204
0,2205
0,2206
3,2207
1,2208
2,2209
1,2210
0,2211
3,2212
3,2213
3,2214
0,2215
1,2216
3,2217
1,2218
0,2219
0,2220
0,2221
1,2222
3,2223
0,2224
1,2225
1,2226
3,2227
0,2228
1,2229
0,2230
1,2231
2,2232
2,2233
2,2234
2,2235
3,2236
1,2237
2,2238
2,2239
3,2240
3,2241
3,2242
2,2243
1,2244
3,2245
3,2246
2,2247
1,2248
0,2249
3,2250
3,2251
3,2252
1,2253
3,2254
2,2255
1,2256
2,2257
3,2258
1,2259
2,2260
0,2261
3,2262
1,2263
0,2264
0,2265
0,2266
0,2267
0,2268
3,2269
2,2270
2,2271
1,2272
3,2273
2,2274
0,2275
0,2276
3,2277
0,2278
1,2279
1,2280
0,2281
2,2282
2,2283
3,2284
3,2285
2,2286
0,2287
2,2288
3,2289
3,2290
0,2291
3,2292
2,2293
3,2294
3,2295
2,2296
3,2297
3,2298
3,2299
3,2300
0,2301
3,2302
2,2303
3,2304
0,2305
0,2306
2,2307
1,2308
1,2309
0,2310
0,2311
1,2312
2,2313
3,2314
0,2315
0,2316
1,2317
0,2318
1,2319
3,2320
3,2321
1,2322
3,2323
0,2324
1,2325
0,2326
1,2327
2,2328
2,2329
3,2330
1,2331
2,2332
1,2333
1,2334
2,2335
0,2336
0,2337
1,2338
1,2339
0,2340
0,2341
0,2342
2,2343
3,2344
0,2345
0,2346
1,2347
3,2348
0,2349
3,2350
3,2351
0,2352
0,2353
3,2354
2,2355
0,2356
1,2357
0,2358
0,2359
0,2360
1,2361
3,2362
3,2363
1,2364
1,2365
0,2366
3,2367
3,2368
3,2369
0,2370
2,2371
3,2372
3,2373
0,2374
2,2375
3,2376
1,2377
3,2378
2,2379
3,2380
0,2381
3,2382
2,2383
2,2384
3,2385
3,2386
3,2387
0,2388
3,2389
1,2390
0,2391
3,2392
0,2393
3,2394
0,2395
3,2396
0,2397
1,2398
2,2399
2,2400
0,2401
2,2402
1,2403
2,2404
1,2405
2,2406
2,2407
2,2408
1,2409
2,2410
2,2411
3,2412
2,2413
2,2414
0,2415
0,2416
0,2417
3,2418
3,2419
0,2420
3,2421
3,2422
0,2423
1,2424
3,2425
2,2426
0,2427
3,2428
2,2429
2,2430
2,2431
3,2432
0,2433
1,2434
0,2435
1,2436
3,2437
0,2438
3,2439
0,2440
3,2441
1,2442
3,2443
1,2444
1,2445
2,2446
2,2447
0,2448
0,2449
0,2450
0,2451
0,2452
3,2453
0,2454
3,2455
1,2456
0,2457
0,2458
2,2459
3,2460
1,2461
0,2462
3,2463
0,2464
1,2465
0,2466
2,2467
0,2468
2,2469
3,2470
0,2471
3,2472
0,2473
2,2474
3,2475
0,2476
3,2477
2,2478
0,2479
0,2480
0,2481
1,2482
3,2483
3,2484
2,2485
0,2486
3,2487
2,2488
0,2489
0,2490
2,2491
3,2492
3,2493
3,2494
3,2495
3,2496
0,2497
0,2498
3,2499
2,2500
3,2501
0,2502
3,2503
2,2504
3,2505
2,2506
1,2507
1,2508
0,2509
3,2510
3,2511
2,2512
0,2513
3,2514
2,2515
2,2516
1,2517
0,2518
0,2519
3,2520
0,2521
1,2522
2,2523
2,2524
1,2525
3,2526
1,2527
0,2528
3,2529
2,2530
2,2531
1,2532
3,2533
1,2534
0,2535
2,2536
1,2537
2,2538
3,2539
1,2540
2,2541
3,2542
0,2543
0,2544
2,2545
0,2546
2,2547
0,2548
2,2549
3,2550
2,2551
0,2552
0,2553
1,2554
1,2555
3,2556
3,2557
3,2558
2,2559
2,2560
1,2561
3,2562
3,2563
1,2564
3,2565
3,2566
1,2567
3,2568
3,2569
0,2570
1,2571
1,2572
0,2573
1,2574
2,2575
3,2576
3,2577
3,2578
2,2579
0,2580
3,2581
3,2582
0,2583
2,2584
1,2585
3,2586
0,2587
3,2588
3,2589
1,2590
3,2591
1,2592
0,2593
2,2594
1,2595
1,2596
3,2597
0,2598
0,2599
3,2600
1,2601
3,2602
3,2603
2,2604
1,2605
3,2606
3,2607
0,2608
3,2609
0,2610
1,2611
2,2612
3,2613
0,2614
0,2615
0,2616
0,2617
0,2618
0,2619
2,2620
2,2621
1,2622
0,2623
3,2624
1,2625
1,2626
3,2627
2,2628
2,2629
3,2630
2,2631
3,2632
0,2633
0,2634
1,2635
3,2636
3,2637
0,2638
3,2639
0,2640
0,2641
1,2642
1,2643
0,2644
2,2645
0,2646
0,2647
2,2648
3,2649
3,2650
3,2651
0,2652
1,2653
2,2654
0,2655
3,2656
0,2657
0,2658
0,2659
3,2660
3,2661
3,2662
1,2663
2,2664
3,2665
2,2666
0,2667
3,2668
0,2669
3,2670
0,2671
2,2672
0,2673
3,2674
3,2675
2,2676
0,2677
0,2678
3,2679
1,2680
0,2681
1,2682
2,2683
3,2684
0,2685
3,2686
1,2687
1,2688
0,2689
3,2690
3,2691
1,2692
2,2693
2,2694
0,2695
2,2696
1,2697
3,2698
2,2699
3,2700
3,2701
0,2702
0,2703
0,2704
0,2705
0,2706
3,2707
1,2708
2,2709
2,2710
0,2711
0,2712
0,2713
1,2714
3,2715
3,2716
3,2717
0,2718
3,2719
0,2720
3,2721
2,2722
1,2723
3,2724
0,2725
1,2726
1,2727
1,2728
3,2729
3,2730
3,2731
0,2732
0,2733
2,2734
2,2735
1,2736
0,2737
0,2738
0,2739
2,2740
0,2741
0,2742
0,2743
3,2744
0,2745
0,2746
0,2747
2,2748
3,2749
1,2750
1,2751
2,2752
2,2753
1,2754
0,2755
0,2756
2,2757
0,2758
0,2759
0,2760
1,2761
3,2762
1,2763
0,2764
3,2765
1,2766
3,2767
0,2768
0,2769
2,2770
3,2771
1,2772
1,2773
0,2774
1,2775
1,2776
0,2777
0,2778
2,2779
0,2780
0,2781
2,2782
1,2783
1,2784
3,2785
1,2786
3,2787
3,2788
3,2789
3,2790
0,2791
3,2792
0,2793
1,2794
3,2795
0,2796
3,2797
0,2798
0,2799
2,2800
2,2801
3,2802
0,2803
0,2804
0,2805
2,2806
0,2807
0,2808
0,2809
2,2810
2,2811
3,2812
3,2813
2,2814
3,2815
3,2816
3,2817
1,2818
1,2819
0,2820
0,2821
3,2822
0,2823
2,2824
0,2825
0,2826
1,2827
0,2828
3,2829
1,2830
2,2831
3,2832
3,2833
0,2834
0,2835
3,2836
1,2837
1,2838
1,2839
0,2840
0,2841
0,2842
3,2843
1,2844
0,2845
0,2846
1,2847
3,2848
0,2849
3,2850
2,2851
1,2852
3,2853
2,2854
3,2855
2,2856
1,2857
0,2858
1,2859
1,2860
1,2861
0,2862
0,2863
0,2864
2,2865
3,2866
3,2867
0,2868
3,2869
0,2870
3,2871
1,2872
0,2873
0,2874
3,2875
2,2876
2,2877
0,2878
0,2879
2,2880
2,2881
3,2882
0,2883
1,2884
3,2885
2,2886
1,2887
0,2888
3,2889
2,2890
0,2891
3,2892
2,2893
2,2894
0,2895
2,2896
0,2897
3,2898
0,2899
0,2900
0,2901
1,2902
2,2903
1,2904
1,2905
1,2906
1,2907
2,2908
0,2909
0,2910
3,2911
1,2912
2,2913
0,2914
3,2915
3,2916
3,2917
2,2918
0,2919
0,2920
1,2921
3,2922
0,2923
3,2924
0,2925
1,2926
1,2927
3,2928
0,2929
0,2930
2,2931
0,2932
0,2933
0,2934
0,2935
3,2936
2,2937
3,2938
1,2939
1,2940
2,2941
0,2942
1,2943
3,2944
3,2945
0,2946
1,2947
0,2948
0,2949
2,2950
3,2951
0,2952
2,2953
3,2954
3,2955
3,2956
1,2957
0,2958
0,2959
2,2960
0,2961
0,2962
3,2963
0,2964
3,2965
1,2966
0,2967
1,2968
1,2969
1,2970
0,2971
2,2972
3,2973
0,2974
1,2975
1,2976
2,2977
0,2978
1,2979
2,2980
3,2981
0,2982
1,2983
0,2984
1,2985
0,2986
3,2987
2,2988
2,2989
0,2990
2,2991
3,2992
3,2993
3,2994
3,2995
0,2996
1,2997
1,2998
2,2999
0,3000
2,3001
3,3002
0,3003
1,3004
2,3005
0,3006
2,3007
1,3008
0,3009
1,3010
3,3011
0,3012
2,3013
2,3014
3,3015
0,3016
3,3017
0,3018
0,3019
1,3020
2,3021
0,3022
0,3023
1,3024
0,3025
3,3026
3,3027
2,3028
0,3029
1,3030
0,3031
2,3032
0,3033
2,3034
3,3035
3,3036
2,3037
1,3038
2,3039
3,3040
1,3041
3,3042
1,3043
3,3044
0,3045
3,3046
1,3047
0,3048
1,3049
0,3050
0,3051
2,3052
3,3053
3,3054
3,3055
2,3056
1,3057
0,3058
2,3059
3,3060
1,3061
0,3062
0,3063
0,3064
1,3065
2,3066
0,3067
0,3068
1,3069
1,3070
1,3071
3,3072
2,3073
0,3074
0,3075
3,3076
3,3077
3,3078
1,3079
3,3080
0,3081
3,3082
3,3083
2,3084
3,3085
0,3086
3,3087
2,3088
2,3089
1,3090
3,3091
1,3092
2,3093
1,3094
3,3095
3,3096
3,3097
2,3098
0,3099
3,3100
1,3101
0,3102
1,3103
0,3104
1,3105
3,3106
1,3107
3,3108
3,3109
2,3110
3,3111
1,3112
0,3113
0,3114
2,3115
0,3116
2,3117
0,3118
3,3119
2,3120
0,3121
3,3122
2,3123
2,3124
0,3125
0,3126
1,3127
2,3128
0,3129
0,3130
1,3131
1,3132
0,3133
1,3134
0,3135
0,3136
2,3137
3,3138
3,3139
1,3140
2,3141
1,3142
0,3143
1,3144
3,3145
3,3146
1,3147
0,3148
3,3149
3,3150
0,3151
2,3152
0,3153
2,3154
0,3155
0,3156
0,3157
0,3158
2,3159
0,3160
0,3161
0,3162
3,3163
2,3164
3,3165
0,3166
3,3167
0,3168
0,3169
0,3170
0,3171
1,3172
2,3173
2,3174
3,3175
0,3176
3,3177
0,3178
0,3179
1,3180
3,3181
1,3182
1,3183
2,3184
0,3185
3,3186
0,3187
1,3188
3,3189
1,3190
1,3191
0,3192
3,3193
0,3194
2,3195
1,3196
3,3197
0,3198
1,3199
0,3200
3,3201
2,3202
3,3203
3,3204
2,3205
2,3206
1,3207
0,3208
3,3209
3,3210
2,3211
1,3212
1,3213
1,3214
3,3215
3,3216
2,3217
2,3218
0,3219
2,3220
1,3221
0,3222
3,3223
2,3224
2,3225
3,3226
2,3227
3,3228
3,3229
3,3230
1,3231
3,3232
2,3233
1,3234
3,3235
3,3236
3,3237
3,3238
3,3239
3,3240
0,3241
3,3242
2,3243
2,3244
0,3245
3,3246
3,3247
0,3248
1,3249
2,3250
3,3251
1,3252
3,3253
0,3254
0,3255
3,3256
0,3257
0,3258
0,3259
3,3260
2,3261
1,3262
2,3263
0,3264
1,3265
3,3266
2,3267
1,3268
1,3269
0,3270
3,3271
0,3272
0,3273
1,3274
1,3275
3,3276
1,3277
1,3278
3,3279
3,3280
1,3281
3,3282
0,3283
3,3284
2,3285
3,3286
1,3287
3,3288
2,3289
2,3290
0,3291
2,3292
3,3293
0,3294
1,3295
3,3296
1,3297
3,3298
3,3299
1,3300
2,3301
3,3302
2,3303
3,3304
2,3305
1,3306
2,3307
2,3308
0,3309
0,3310
1,3311
1,3312
0,3313
1,3314
0,3315
3,3316
3,3317
1,3318
0,3319
3,3320
3,3321
3,3322
2,3323
2,3324
1,3325
2,3326
1,3327
0,3328
0,3329
3,3330
2,3331
1,3332
3,3333
3,3334
1,3335
0,3336
2,3337
0,3338
3,3339
1,3340
1,3341
0,3342
1,3343
2,3344
0,3345
0,3346
3,3347
3,3348
3,3349
3,3350
0,3351
2,3352
1,3353
1,3354
2,3355
1,3356
2,3357
2,3358
3,3359
0,3360
2,3361
0,3362
3,3363
3,3364
0,3365
1,3366
2,3367
0,3368
1,3369
0,3370
0,3371
0,3372
3,3373
3,3374
1,3375
3,3376
3,3377
3,3378
0,3379
0,3380
0,3381
1,3382
3,3383
1,3384
1,3385
2,3386
0,3387
2,3388
0,3389
0,3390
1,3391
2,3392
0,3393
3,3394
2,3395
1,3396
0,3397
3,3398
1,3399
0,3400
0,3401
2,3402
2,3403
0,3404
0,3405
2,3406
3,3407
1,3408
3,3409
1,3410
0,3411
3,3412
2,3413
2,3414
3,3415
2,3416
1,3417
1,3418
1,3419
1,3420
2,3421
1,3422
0,3423
2,3424
0,3425
1,3426
1,3427
1,3428
2,3429
3,3430
3,3431
1,3432
2,3433
1,3434
2,3435
2,3436
1,3437
0,3438
2,3439
2,3440
2,3441
0,3442
0,3443
3,3444
3,3445
1,3446
0,3447
3,3448
1,3449
3,3450
2,3451
3,3452
3,3453
0,3454
3,3455
0,3456
2,3457
3,3458
1,3459
2,3460
0,3461
1,3462
3,3463
2,3464
2,3465
2,3466
3,3467
0,3468
0,3469
3,3470
2,3471
0,3472
0,3473
3,3474
0,3475
3,3476
3,3477
3,3478
1,3479
0,3480
0,3481
2,3482
1,3483
3,3484
0,3485
2,3486
0,3487
1,3488
0,3489
1,3490
3,3491
2,3492
2,3493
2,3494
1,3495
0,3496
2,3497
0,3498
1,3499
3,3500
0,3501
2,3502
1,3503
1,3504
1,3505
1,3506
3,3507
3,3508
0,3509
2,3510
1,3511
2,3512
3,3513
0,3514
1,3515
2,3516
0,3517
2,3518
0,3519
3,3520
2,3521
1,3522
3,3523
3,3524
3,3525
0,3526
0,3527
0,3528
1,3529
0,3530
2,3531
3,3532
0,3533
0,3534
0,3535
1,3536
3,3537
0,3538
2,3539
1,3540
2,3541
1,3542
3,3543
3,3544
0,3545
3,3546
0,3547
3,3548
0,3549
3,3550
2,3551
1,3552
3,3553
2,3554
2,3555
0,3556
0,3557
3,3558
2,3559
3,3560
3,3561
1,3562
1,3563
3,3564
0,3565
0,3566
0,3567
3,3568
0,3569
3,3570
3,3571
2,3572
1,3573
1,3574
3,3575
3,3576
0,3577
2,3578
3,3579
2,3580
2,3581
2,3582
3,3583
0,3584
0,3585
3,3586
1,3587
2,3588
1,3589
0,3590
3,3591
2,3592
3,3593
0,3594
2,3595
1,3596
0,3597
0,3598
0,3599
2,3600
2,3601
2,3602
0,3603
1,3604
0,3605
3,3606
0,3607
0,3608
3,3609
0,3610
1,3611
2,3612
0,3613
1,3614
0,3615
1,3616
0,3617
1,3618
1,3619
1,3620
0,3621
3,3622
1,3623
2,3624
2,3625
2,3626
3,3627
0,3628
3,3629
3,3630
1,3631
2,3632
1,3633
0,3634
2,3635
2,3636
1,3637
1,3638
0,3639
3,3640
3,3641
0,3642
3,3643
0,3644
2,3645
3,3646
0,3647
1,3648
0,3649
3,3650
2,3651
1,3652
0,3653
3,3654
3,3655
0,3656
1,3657
0,3658
3,3659
0,3660
0,3661
1,3662
0,3663
0,3664
2,3665
2,3666
2,3667
0,3668
3,3669
3,3670
3,3671
2,3672
0,3673
0,3674
3,3675
1,3676
3,3677
2,3678
2,3679
3,3680
3,3681
3,3682
3,3683
2,3684
0,3685
1,3686
0,3687
0,3688
0,3689
0,3690
2,3691
0,3692
3,3693
0,3694
3,3695
3,3696
2,3697
3,3698
1,3699
2,3700
3,3701
3,3702
3,3703
3,3704
3,3705
3,3706
0,3707
1,3708
0,3709
2,3710
1,3711
2,3712
1,3713
0,3714
3,3715
3,3716
0,3717
0,3718
3,3719
0,3720
3,3721
1,3722
3,3723
0,3724
2,3725
0,3726
3,3727
3,3728
0,3729
3,3730
0,3731
3,3732
0,3733
2,3734
2,3735
2,3736
3,3737
3,3738
0,3739
3,3740
0,3741
2,3742
3,3743
3,3744
0,3745
0,3746
0,3747
3,3748
0,3749
0,3750
2,3751
2,3752
3,3753
1,3754
3,3755
3,3756
3,3757
2,3758
2,3759
0,3760
1,3761
1,3762
3,3763
2,3764
3,3765
0,3766
1,3767
1,3768
3,3769
2,3770
1,3771
0,3772
2,3773
2,3774
2,3775
2,3776
0,3777
1,3778
1,3779
3,3780
1,3781
1,3782
3,3783
0,3784
0,3785
1,3786
3,3787
0,3788
1,3789
3,3790
2,3791
3,3792
3,3793
3,3794
3,3795
2,3796
3,3797
0,3798
1,3799
2,3800
2,3801
3,3802
0,3803
1,3804
0,3805
3,3806
0,3807
2,3808
0,3809
2,3810
2,3811
0,3812
2,3813
1,3814
3,3815
0,3816
0,3817
2,3818
0,3819
0,3820
3,3821
2,3822
0,3823
0,3824
3,3825
3,3826
0,3827
2,3828
1,3829
1,3830
0,3831
2,3832
3,3833
0,3834
3,3835
3,3836
3,3837
2,3838
3,3839
3,3840
0,3841
2,3842
1,3843
2,3844
0,3845
0,3846
2,3847
2,3848
0,3849
3,3850
3,3851
0,3852
3,3853
0,3854
3,3855
3,3856
3,3857
1,3858
0,3859
1,3860
1,3861
1,3862
3,3863
3,3864
2,3865
1,3866
3,3867
3,3868
0,3869
2,3870
1,3871
3,3872
3,3873
0,3874
0,3875
0,3876
0,3877
3,3878
0,3879
0,3880
1,3881
1,3882
1,3883
0,3884
2,3885
0,3886
3,3887
3,3888
0,3889
1,3890
3,3891
3,3892
3,3893
3,3894
3,3895
1,3896
3,3897
1,3898
0,3899
3,3900
3,3901
1,3902
2,3903
1,3904
2,3905
3,3906
2,3907
0,3908
3,3909
3,3910
2,3911
3,3912
3,3913
1,3914
3,3915
0,3916
2,3917
1,3918
1,3919
3,3920
0,3921
0,3922
0,3923
3,3924
3,3925
0,3926
0,3927
2,3928
1,3929
0,3930
3,3931
1,3932
3,3933
0,3934
3,3935
1,3936
3,3937
2,3938
0,3939
0,3940
3,3941
2,3942
1,3943
2,3944
0,3945
3,3946
3,3947
1,3948
3,3949
3,3950
0,3951
3,3952
2,3953
3,3954
1,3955
2,3956
0,3957
2,3958
1,3959
3,3960
0,3961
2,3962
1,3963
2,3964
2,3965
1,3966
3,3967
2,3968
2,3969
3,3970
3,3971
0,3972
1,3973
3,3974
2,3975
1,3976
2,3977
1,3978
0,3979
0,3980
1,3981
0,3982
0,3983
3,3984
0,3985
1,3986
1,3987
0,3988
0,3989
3,3990
0,3991
2,3992
1,3993
0,3994
1,3995
0,3996
0,3997
0,3998
2,3999
2,4000
1,4001
3,4002
0,4003
0,4004
1,4005
0,4006
3,4007
1,4008
2,4009
3,4010
1,4011
3,4012
2,4013
3,4014
0,4015
0,4016
0,4017
0,4018
3,4019
1,4020
1,4021
2,4022
1,4023
3,4024
2,4025
3,4026
3,4027
3,4028
0,4029
1,4030
3,4031
3,4032
3,4033
3,4034
2,4035
0,4036
3,4037
3,4038
0,4039
3,4040
3,4041
1,4042
0,4043
0,4044
2,4045
0,4046
3,4047
3,4048
0,4049
0,4050
1,4051
2,4052
3,4053
1,4054
1,4055
0,4056
1,4057
1,4058
0,4059
2,4060
3,4061
2,4062
2,4063
0,4064
3,4065
2,4066
1,4067
0,4068
2,4069
1,4070
0,4071
0,4072
2,4073
0,4074
0,4075
3,4076
3,4077
1,4078
1,4079
3,4080
1,4081
0,4082
2,4083
1,4084
2,4085
2,4086
3,4087
2,4088
2,4089
0,4090
1,4091
2,4092
3,4093
0,4094
3,4095
0,4096
1,4097
0,4098
2,4099
2,4100
1,4101
0,4102
2,4103
3,4104
3,4105
3,4106
0,4107
0,4108
3,4109
0,4110
3,4111
2,4112
1,4113
3,4114
0,4115
0,4116
0,4117
0,4118
0,4119
3,4120
3,4121
3,4122
3,4123
2,4124
3,4125
0,4126
0,4127
3,4128
3,4129
2,4130
1,4131
2,4132
3,4133
3,4134
1,4135
2,4136
2,4137
0,4138
2,4139
1,4140
0,4141
2,4142
1,4143
2,4144
1,4145
1,4146
3,4147
1,4148
2,4149
2,4150
3,4151
3,4152
0,4153
1,4154
0,4155
0,4156
0,4157
3,4158
3,4159
2,4160
0,4161
3,4162
1,4163
0,4164
1,4165
3,4166
3,4167
0,4168
0,4169
0,4170
3,4171
3,4172
3,4173
3,4174
2,4175
0,4176
0,4177
0,4178
2,4179
0,4180
0,4181
0,4182
3,4183
0,4184
3,4185
3,4186
0,4187
1,4188
3,4189
0,4190
1,4191
2,4192
3,4193
3,4194
0,4195
3,4196
0,4197
1,4198
1,4199
3,4200
3,4201
0,4202
1,4203
3,4204
1,4205
3,4206
2,4207
3,4208
2,4209
3,4210
3,4211
3,4212
2,4213
3,4214
0,4215
2,4216
2,4217
0,4218
0,4219
0,4220
2,4221
1,4222
3,4223
2,4224
0,4225
3,4226
0,4227
2,4228
2,4229
2,4230
3,4231
2,4232
2,4233
0,4234
3,4235
0,4236
1,4237
0,4238
3,4239
0,4240
1,4241
0,4242
0,4243
1,4244
3,4245
1,4246
0,4247
0,4248
1,4249
3,4250
3,4251
3,4252
3,4253
0,4254
0,4255
3,4256
0,4257
3,4258
3,4259
3,4260
2,4261
0,4262
1,4263
0,4264
0,4265
0,4266
0,4267
1,4268
2,4269
3,4270
1,4271
3,4272
1,4273
0,4274
0,4275
0,4276
0,4277
0,4278
1,4279
1,4280
3,4281
1,4282
0,4283
1,4284
0,4285
1,4286
3,4287
1,4288
2,4289
0,4290
3,4291
1,4292
0,4293
0,4294
0,4295
3,4296
3,4297
0,4298
3,4299
1,4300
1,4301
0,4302
0,4303
0,4304
0,4305
3,4306
3,4307
0,4308
2,4309
2,4310
0,4311
3,4312
0,4313
3,4314
1,4315
3,4316
0,4317
0,4318
1,4319
0,4320
3,4321
3,4322
0,4323
0,4324
3,4325
1,4326
3,4327
0,4328
3,4329
2,4330
3,4331
3,4332
0,4333
3,4334
3,4335
2,4336
1,4337
1,4338
3,4339
2,4340
0,4341
0,4342
3,4343
1,4344
0,4345
2,4346
0,4347
3,4348
0,4349
1,4350
0,4351
0,4352
2,4353
0,4354
3,4355
1,4356
3,4357
2,4358
0,4359
2,4360
3,4361
2,4362
3,4363
0,4364
0,4365
3,4366
3,4367
2,4368
3,4369
2,4370
1,4371
0,4372
2,4373
1,4374
0,4375
2,4376
1,4377
0,4378
3,4379
1,4380
2,4381
3,4382
3,4383
3,4384
0,4385
3,4386
3,4387
1,4388
2,4389
0,4390
1,4391
1,4392
0,4393
2,4394
1,4395
2,4396
1,4397
2,4398
0,4399
1,4400
0,4401
1,4402
2,4403
3,4404
1,4405
2,4406
1,4407
2,4408
3,4409
0,4410
2,4411
0,4412
0,4413
1,4414
0,4415
3,4416
2,4417
1,4418
0,4419
0,4420
3,4421
1,4422
0,4423
0,4424
3,4425
3,4426
1,4427
3,4428
0,4429
0,4430
1,4431
0,4432
2,4433
3,4434
0,4435
1,4436
3,4437
2,4438
2,4439
1,4440
0,4441
0,4442
3,4443
3,4444
0,4445
0,4446
1,4447
3,4448
0,4449
0,4450
0,4451
1,4452
1,4453
1,4454
3,4455
3,4456
1,4457
0,4458
1,4459
2,4460
3,4461
2,4462
3,4463
3,4464
2,4465
3,4466
0,4467
3,4468
0,4469
0,4470
3,4471
1,4472
0,4473
0,4474
3,4475
2,4476
0,4477
0,4478
1,4479
3,4480
0,4481
1,4482
0,4483
0,4484
0,4485
1,4486
3,4487
1,4488
3,4489
1,4490
0,4491
2,4492
0,4493
3,4494
1,4495
0,4496
0,4497
3,4498
2,4499
0,4500
0,4501
2,4502
1,4503
2,4504
0,4505
3,4506
3,4507
0,4508
0,4509
1,4510
3,4511
0,4512
1,4513
2,4514
3,4515
0,4516
3,4517
3,4518
0,4519
3,4520
3,4521
0,4522
0,4523
0,4524
0,4525
0,4526
2,4527
3,4528
0,4529
2,4530
1,4531
0,4532
0,4533
2,4534
1,4535
3,4536
1,4537
3,4538
1,4539
3,4540
2,4541
2,4542
3,4543
0,4544
0,4545
1,4546
2,4547
0,4548
0,4549
0,4550
0,4551
2,4552
2,4553
0,4554
1,4555
2,4556
2,4557
0,4558
0,4559
0,4560
3,4561
3,4562
0,4563
1,4564
2,4565
0,4566
2,4567
3,4568
1,4569
3,4570
1,4571
2,4572
3,4573
0,4574
2,4575
0,4576
0,4577
3,4578
0,4579
0,4580
2,4581
2,4582
2,4583
3,4584
0,4585
3,4586
2,4587
3,4588
2,4589
1,4590
1,4591
0,4592
1,4593
1,4594
3,4595
1,4596
3,4597
3,4598
2,4599
2,4600
0,4601
0,4602
0,4603
1,4604
3,4605
0,4606
3,4607
2,4608
0,4609
3,4610
0,4611
0,4612
2,4613
1,4614
2,4615
1,4616
2,4617
0,4618
1,4619
2,4620
0,4621
1,4622
0,4623
2,4624
1,4625
0,4626
0,4627
0,4628
3,4629
3,4630
3,4631
1,4632
3,4633
0,4634
0,4635
0,4636
2,4637
3,4638
3,4639
2,4640
1,4641
2,4642
0,4643
0,4644
1,4645
3,4646
2,4647
0,4648
0,4649
3,4650
3,4651
0,4652
1,4653
0,4654
2,4655
3,4656
2,4657
3,4658
1,4659
3,4660
2,4661
1,4662
3,4663
3,4664
2,4665
2,4666
1,4667
3,4668
1,4669
3,4670
1,4671
1,4672
2,4673
3,4674
1,4675
2,4676
0,4677
3,4678
0,4679
3,4680
3,4681
2,4682
3,4683
0,4684
2,4685
1,4686
0,4687
2,4688
3,4689
0,4690
3,4691
1,4692
3,4693
3,4694
1,4695
0,4696
2,4697
0,4698
3,4699
0,4700
2,4701
0,4702
0,4703
3,4704
2,4705
0,4706
1,4707
3,4708
0,4709
1,4710
0,4711
2,4712
1,4713
0,4714
0,4715
1,4716
1,4717
1,4718
3,4719
0,4720
1,4721
3,4722
2,4723
0,4724
3,4725
2,4726
2,4727
0,4728
2,4729
2,4730
3,4731
1,4732
1,4733
3,4734
2,4735
0,4736
2,4737
1,4738
2,4739
3,4740
3,4741
1,4742
0,4743
3,4744
0,4745
2,4746
2,4747
1,4748
0,4749
0,4750
1,4751
0,4752
1,4753
0,4754
2,4755
3,4756
0,4757
0,4758
1,4759
2,4760
0,4761
1,4762
2,4763
2,4764
3,4765
0,4766
2,4767
2,4768
3,4769
0,4770
3,4771
1,4772
3,4773
2,4774
2,4775
0,4776
2,4777
0,4778
3,4779
2,4780
1,4781
2,4782
1,4783
0,4784
2,4785
0,4786
0,4787
3,4788
0,4789
1,4790
0,4791
2,4792
3,4793
3,4794
2,4795
1,4796
2,4797
3,4798
3,4799
3,4800
0,4801
3,4802
2,4803
3,4804
0,4805
3,4806
3,4807
3,4808
3,4809
0,4810
2,4811
0,4812
1,4813
3,4814
1,4815
3,4816
0,4817
3,4818
0,4819
0,4820
3,4821
3,4822
2,4823
0,4824
3,4825
0,4826
0,4827
1,4828
3,4829
3,4830
2,4831
2,4832
0,4833
0,4834
1,4835
0,4836
3,4837
3,4838
2,4839
1,4840
3,4841
0,4842
1,4843
2,4844
3,4845
0,4846
3,4847
3,4848
3,4849
0,4850
2,4851
0,4852
0,4853
1,4854
3,4855
0,4856
0,4857
2,4858
3,4859
0,4860
1,4861
0,4862
3,4863
3,4864
1,4865
3,4866
0,4867
1,4868
3,4869
3,4870
0,4871
1,4872
0,4873
2,4874
1,4875
0,4876
1,4877
0,4878
3,4879
3,4880
3,4881
1,4882
3,4883
3,4884
3,4885
0,4886
3,4887
3,4888
0,4889
3,4890
3,4891
3,4892
2,4893
0,4894
0,4895
2,4896
1,4897
0,4898
1,4899
0,4900
0,4901
3,4902
3,4903
3,4904
3,4905
1,4906
0,4907
3,4908
0,4909
3,4910
0,4911
0,4912
2,4913
0,4914
0,4915
3,4916
0,4917
3,4918
2,4919
2,4920
0,4921
3,4922
2,4923
3,4924
2,4925
1,4926
3,4927
3,4928
2,4929
3,4930
2,4931
2,4932
3,4933
3,4934
1,4935
1,4936
3,4937
1,4938
3,4939
0,4940
1,4941
3,4942
0,4943
0,4944
0,4945
1,4946
3,4947
2,4948
0,4949
3,4950
0,4951
1,4952
1,4953
1,4954
0,4955
3,4956
2,4957
3,4958
3,4959
3,4960
1,4961
0,4962
2,4963
1,4964
2,4965
1,4966
2,4967
2,4968
0,4969
1,4970
0,4971
0,4972
3,4973
1,4974
2,4975
0,4976
2,4977
2,4978
3,4979
3,4980
3,4981
2,4982
1,4983
0,4984
1,4985
3,4986
1,4987
3,4988
2,4989
2,4990
0,4991
0,4992
2,4993
3,4994
1,4995
1,4996
1,4997
3,4998
3,4999
2,5000
2,5001
2,5002
3,5003
3,5004
2,5005
2,5006
3,5007
3,5008
3,5009
3,5010
3,5011
0,5012
1,5013
3,5014
3,5015
0,5016
0,5017
3,5018
2,5019
3,5020
1,5021
2,5022
2,5023
1,5024
3,5025
0,5026
0,5027
2,5028
0,5029
3,5030
0,5031
0,5032
1,5033
0,5034
3,5035
2,5036
3,5037
1,5038
2,5039
1,5040
3,5041
3,5042
1,5043
0,5044
2,5045
0,5046
2,5047
3,5048
3,5049
0,5050
0,5051
2,5052
2,5053
3,5054
0,5055
1,5056
3,5057
0,5058
3,5059
0,5060
0,5061
3,5062
3,5063
3,5064
2,5065
3,5066
0,5067
0,5068
1,5069
1,5070
0,5071
0,5072
1,5073
1,5074
0,5075
0,5076
0,5077
0,5078
0,5079
0,5080
2,5081
3,5082
3,5083
0,5084
1,5085
0,5086
3,5087
1,5088
0,5089
0,5090
3,5091
0,5092
3,5093
2,5094
0,5095
3,5096
1,5097
3,5098
0,5099
3,5100
3,5101
3,5102
0,5103
2,5104
0,5105
0,5106
1,5107
2,5108
0,5109
3,5110
1,5111
3,5112
0,5113
3,5114
3,5115
3,5116
0,5117
0,5118
0,5119
0,5120
3,5121
2,5122
1,5123
3,5124
0,5125
0,5126
3,5127
0,5128
3,5129
3,5130
0,5131
0,5132
2,5133
2,5134
3,5135
3,5136
0,5137
3,5138
3,5139
3,5140
3,5141
0,5142
0,5143
1,5144
2,5145
3,5146
3,5147
1,5148
3,5149
1,5150
3,5151
1,5152
2,5153
0,5154
2,5155
0,5156
0,5157
2,5158
0,5159
1,5160
2,5161
3,5162
3,5163
3,5164
0,5165
3,5166
0,5167
1,5168
1,5169
2,5170
3,5171
3,5172
1,5173
0,5174
3,5175
3,5176
0,5177
1,5178
3,5179
0,5180
2,5181
3,5182
0,5183
3,5184
0,5185
2,5186
3,5187
3,5188
3,5189
0,5190
1,5191
2,5192
3,5193
2,5194
3,5195
2,5196
0,5197
1,5198
0,5199
0,5200
3,5201
3,5202
0,5203
1,5204
3,5205
1,5206
0,5207
0,5208
1,5209
0,5210
2,5211
2,5212
0,5213
2,5214
3,5215
3,5216
0,5217
0,5218
2,5219
1,5220
1,5221
3,5222
2,5223
2,5224
3,5225
0,5226
3,5227
1,5228
3,5229
3,5230
0,5231
2,5232
0,5233
1,5234
2,5235
3,5236
2,5237
2,5238
3,5239
2,5240
2,5241
0,5242
0,5243
0,5244
2,5245
1,5246
0,5247
3,5248
0,5249
3,5250
3,5251
0,5252
0,5253
0,5254
0,5255
0,5256
0,5257
3,5258
3,5259
2,5260
0,5261
1,5262
2,5263
2,5264
2,5265
2,5266
2,5267
0,5268
3,5269
3,5270
0,5271
3,5272
1,5273
0,5274
0,5275
1,5276
0,5277
3,5278
0,5279
2,5280
2,5281
3,5282
0,5283
2,5284
0,5285
3,5286
3,5287
1,5288
1,5289
1,5290
0,5291
1,5292
0,5293
3,5294
0,5295
1,5296
2,5297
0,5298
0,5299
2,5300
2,5301
1,5302
2,5303
3,5304
1,5305
2,5306
1,5307
2,5308
2,5309
0,5310
3,5311
1,5312
2,5313
3,5314
3,5315
0,5316
3,5317
3,5318
3,5319
0,5320
3,5321
0,5322
2,5323
3,5324
1,5325
2,5326
3,5327
0,5328
0,5329
1,5330
0,5331
2,5332
3,5333
1,5334
0,5335
0,5336
3,5337
3,5338
1,5339
1,5340
1,5341
3,5342
3,5343
2,5344
0,5345
3,5346
0,5347
0,5348
3,5349
3,5350
1,5351
0,5352
1,5353
2,5354
3,5355
0,5356
3,5357
2,5358
0,5359
1,5360
0,5361
3,5362
1,5363
3,5364
3,5365
1,5366
3,5367
0,5368
1,5369
2,5370
0,5371
1,5372
2,5373
2,5374
2,5375
0,5376
0,5377
3,5378
3,5379
0,5380
0,5381
1,5382
1,5383
2,5384
0,5385
2,5386
3,5387
1,5388
1,5389
2,5390
0,5391
3,5392
1,5393
3,5394
1,5395
0,5396
0,5397
0,5398
0,5399
3,5400
1,5401
0,5402
3,5403
2,5404
1,5405
3,5406
0,5407
0,5408
1,5409
2,5410
3,5411
1,5412
3,5413
3,5414
3,5415
0,5416
3,5417
0,5418
0,5419
0,5420
1,5421
2,5422
3,5423
1,5424
0,5425
1,5426
1,5427
3,5428
3,5429
3,5430
3,5431
3,5432
0,5433
2,5434
2,5435
2,5436
3,5437
2,5438
2,5439
3,5440
1,5441
2,5442
2,5443
3,5444
3,5445
0,5446
1,5447
2,5448
0,5449
2,5450
1,5451
0,5452
0,5453
3,5454
0,5455
1,5456
3,5457
0,5458
2,5459
3,5460
0,5461
1,5462
3,5463
0,5464
3,5465
0,5466
1,5467
3,5468
3,5469
2,5470
0,5471
0,5472
3,5473
1,5474
1,5475
2,5476
3,5477
0,5478
3,5479
0,5480
1,5481
3,5482
1,5483
2,5484
2,5485
3,5486
1,5487
1,5488
0,5489
3,5490
1,5491
3,5492
0,5493
0,5494
3,5495
2,5496
0,5497
0,5498
2,5499
1,5500
2,5501
0,5502
0,5503
0,5504
3,5505
1,5506
1,5507
3,5508
3,5509
0,5510
1,5511
0,5512
0,5513
2,5514
1,5515
0,5516
3,5517
1,5518
0,5519
2,5520
1,5521
3,5522
1,5523
0,5524
0,5525
0,5526
3,5527
2,5528
1,5529
0,5530
3,5531
0,5532
3,5533
3,5534
0,5535
0,5536
3,5537
2,5538
1,5539
0,5540
0,5541
3,5542
0,5543
3,5544
0,5545
1,5546
3,5547
0,5548
3,5549
3,5550
3,5551
2,5552
2,5553
0,5554
3,5555
1,5556
2,5557
1,5558
1,5559
1,5560
2,5561
1,5562
2,5563
0,5564
3,5565
3,5566
2,5567
3,5568
0,5569
0,5570
3,5571
3,5572
2,5573
0,5574
0,5575
3,5576
3,5577
3,5578
1,5579
3,5580
3,5581
3,5582
1,5583
2,5584
0,5585
3,5586
3,5587
0,5588
1,5589
1,5590
1,5591
2,5592
3,5593
1,5594
3,5595
3,5596
0,5597
1,5598
1,5599
3,5600
1,5601
0,5602
3,5603
1,5604
1,5605
0,5606
2,5607
3,5608
3,5609
2,5610
3,5611
3,5612
0,5613
3,5614
0,5615
2,5616
3,5617
0,5618
0,5619
2,5620
0,5621
2,5622
0,5623
1,5624
3,5625
0,5626
2,5627
1,5628
2,5629
3,5630
3,5631
3,5632
3,5633
3,5634
3,5635
0,5636
3,5637
2,5638
1,5639
0,5640
2,5641
1,5642
3,5643
1,5644
2,5645
2,5646
3,5647
3,5648
3,5649
3,5650
2,5651
2,5652
1,5653
3,5654
0,5655
2,5656
2,5657
2,5658
3,5659
3,5660
2,5661
1,5662
0,5663
0,5664
1,5665
3,5666
1,5667
2,5668
2,5669
0,5670
3,5671
0,5672
0,5673
1,5674
2,5675
1,5676
1,5677
2,5678
2,5679
2,5680
0,5681
3,5682
3,5683
2,5684
0,5685
3,5686
3,5687
0,5688
1,5689
3,5690
3,5691
1,5692
2,5693
1,5694
2,5695
3,5696
0,5697
0,5698
3,5699
0,5700
1,5701
3,5702
2,5703
0,5704
0,5705
1,5706
0,5707
2,5708
2,5709
0,5710
1,5711
0,5712
2,5713
1,5714
3,5715
3,5716
0,5717
1,5718
0,5719
0,5720
2,5721
2,5722
2,5723
1,5724
2,5725
0,5726
2,5727
3,5728
1,5729
0,5730
2,5731
3,5732
0,5733
3,5734
1,5735
3,5736
0,5737
3,5738
0,5739
3,5740
3,5741
2,5742
3,5743
0,5744
0,5745
0,5746
0,5747
3,5748
3,5749
0,5750
1,5751
0,5752
1,5753
2,5754
1,5755
3,5756
3,5757
2,5758
1,5759
3,5760
1,5761
0,5762
3,5763
1,5764
2,5765
3,5766
0,5767
3,5768
0,5769
1,5770
0,5771
3,5772
1,5773
0,5774
1,5775
3,5776
3,5777
3,5778
0,5779
1,5780
0,5781
0,5782
0,5783
2,5784
2,5785
3,5786
0,5787
1,5788
2,5789
2,5790
0,5791
1,5792
1,5793
0,5794
0,5795
2,5796
0,5797
0,5798
3,5799
2,5800
0,5801
0,5802
0,5803
1,5804
0,5805
3,5806
2,5807
0,5808
2,5809
3,5810
3,5811
3,5812
3,5813
3,5814
2,5815
2,5816
3,5817
3,5818
0,5819
2,5820
0,5821
2,5822
2,5823
1,5824
3,5825
0,5826
2,5827
3,5828
0,5829
0,5830
0,5831
0,5832
0,5833
3,5834
1,5835
3,5836
2,5837
2,5838
3,5839
2,5840
1,5841
1,5842
0,5843
1,5844
3,5845
2,5846
1,5847
2,5848
3,5849
2,5850
1,5851
2,5852
3,5853
2,5854
3,5855
1,5856
3,5857
1,5858
1,5859
1,5860
2,5861
0,5862
2,5863
2,5864
3,5865
2,5866
1,5867
2,5868
1,5869
0,5870
3,5871
0,5872
0,5873
0,5874
2,5875
3,5876
3,5877
0,5878
3,5879
3,5880
1,5881
3,5882
1,5883
3,5884
2,5885
3,5886
1,5887
2,5888
0,5889
0,5890
1,5891
1,5892
3,5893
3,5894
3,5895
0,5896
0,5897
3,5898
3,5899
2,5900
0,5901
1,5902
0,5903
1,5904
0,5905
2,5906
1,5907
0,5908
1,5909
2,5910
0,5911
0,5912
2,5913
2,5914
0,5915
0,5916
2,5917
3,5918
2,5919
3,5920
3,5921
1,5922
0,5923
0,5924
2,5925
3,5926
3,5927
0,5928
1,5929
1,5930
2,5931
3,5932
0,5933
1,5934
1,5935
0,5936
3,5937
0,5938
3,5939
3,5940
2,5941
0,5942
1,5943
2,5944
0,5945
0,5946
0,5947
1,5948
1,5949
3,5950
2,5951
2,5952
3,5953
0,5954
1,5955
1,5956
3,5957
1,5958
3,5959
0,5960
0,5961
1,5962
0,5963
0,5964
2,5965
1,5966
2,5967
1,5968
3,5969
0,5970
0,5971
1,5972
1,5973
3,5974
2,5975
3,5976
2,5977
3,5978
0,5979
0,5980
3,5981
0,5982
3,5983
0,5984
3,5985
0,5986
3,5987
3,5988
3,5989
1,5990
3,5991
0,5992
3,5993
3,5994
3,5995
0,5996
2,5997
2,5998
0,5999
0,6000
1,6001
0,6002
2,6003
2,6004
2,6005
0,6006
0,6007
1,6008
3,6009
0,6010
3,6011
3,6012
3,6013
2,6014
3,6015
0,6016
0,6017
3,6018
0,6019
3,6020
0,6021
3,6022
0,6023
0,6024
3,6025
0,6026
0,6027
0,6028
0,6029
2,6030
3,6031
2,6032
3,6033
3,6034
2,6035
1,6036
0,6037
2,6038
0,6039
2,6040
0,6041
3,6042
2,6043
0,6044
0,6045
3,6046
2,6047
2,6048
2,6049
2,6050
3,6051
0,6052
3,6053
2,6054
0,6055
1,6056
3,6057
0,6058
3,6059
0,6060
0,6061
3,6062
3,6063
1,6064
2,6065
3,6066
0,6067
0,6068
3,6069
3,6070
3,6071
2,6072
1,6073
3,6074
3,6075
0,6076
0,6077
2,6078
3,6079
0,6080
3,6081
3,6082
3,6083
1,6084
0,6085
0,6086
1,6087
0,6088
3,6089
0,6090
0,6091
0,6092
3,6093
0,6094
2,6095
0,6096
1,6097
3,6098
2,6099
1,6100
3,6101
2,6102
1,6103
0,6104
0,6105
2,6106
2,6107
2,6108
0,6109
0,6110
0,6111
3,6112
0,6113
2,6114
0,6115
3,6116
3,6117
1,6118
0,6119
3,6120
1,6121
3,6122
1,6123
0,6124
2,6125
0,6126
1,6127
2,6128
1,6129
0,6130
3,6131
0,6132
1,6133
3,6134
1,6135
0,6136
2,6137
3,6138
3,6139
0,6140
3,6141
0,6142
0,6143
3,6144
3,6145
1,6146
0,6147
0,6148
3,6149
1,6150
0,6151
2,6152
1,6153
1,6154
1,6155
0,6156
0,6157
1,6158
3,6159
0,6160
3,6161
0,6162
0,6163
2,6164
3,6165
3,6166
2,6167
3,6168
3,6169
1,6170
0,6171
3,6172
3,6173
2,6174
0,6175
3,6176
0,6177
0,6178
2,6179
1,6180
3,6181
1,6182
2,6183
3,6184
0,6185
0,6186
2,6187
2,6188
0,6189
0,6190
3,6191
0,6192
3,6193
2,6194
0,6195
0,6196
2,6197
1,6198
2,6199
3,6200
0,6201
0,6202
0,6203
3,6204
0,6205
3,6206
2,6207
2,6208
0,6209
3,6210
3,6211
2,6212
3,6213
3,6214
2,6215
3,6216
3,6217
3,6218
2,6219
2,6220
1,6221
2,6222
1,6223
3,6224
0,6225
3,6226
0,6227
0,6228
0,6229
0,6230
1,6231
2,6232
3,6233
0,6234
3,6235
2,6236
3,6237
3,6238
3,6239
2,6240
0,6241
0,6242
1,6243
2,6244
3,6245
3,6246
0,6247
1,6248
2,6249
2,6250
3,6251
3,6252
2,6253
3,6254
0,6255
1,6256
1,6257
1,6258
2,6259
2,6260
2,6261
3,6262
2,6263
2,6264
3,6265
1,6266
3,6267
2,6268
3,6269
3,6270
2,6271
1,6272
1,6273
1,6274
2,6275
0,6276
1,6277
0,6278
3,6279
3,6280
1,6281
1,6282
2,6283
0,6284
0,6285
0,6286
1,6287
1,6288
3,6289
3,6290
0,6291
0,6292
0,6293
3,6294
2,6295
1,6296
3,6297
3,6298
3,6299
0,6300
0,6301
0,6302
3,6303
2,6304
0,6305
0,6306
3,6307
2,6308
1,6309
0,6310
0,6311
2,6312
2,6313
1,6314
2,6315
1,6316
0,6317
3,6318
2,6319
1,6320
0,6321
3,6322
3,6323
0,6324
0,6325
0,6326
3,6327
0,6328
2,6329
0,6330
0,6331
2,6332
2,6333
3,6334
0,6335
1,6336
3,6337
3,6338
3,6339
3,6340
3,6341
3,6342
3,6343
1,6344
2,6345
0,6346
1,6347
0,6348
0,6349
0,6350
2,6351
3,6352
0,6353
2,6354
0,6355
1,6356
0,6357
1,6358
2,6359
3,6360
1,6361
2,6362
0,6363
3,6364
1,6365
2,6366
2,6367
3,6368
0,6369
3,6370
1,6371
1,6372
1,6373
0,6374
1,6375
3,6376
1,6377
3,6378
3,6379
2,6380
2,6381
3,6382
0,6383
0,6384
0,6385
0,6386
0,6387
2,6388
3,6389
3,6390
0,6391
2,6392
0,6393
1,6394
0,6395
0,6396
1,6397
3,6398
0,6399
2,6400
0,6401
1,6402
3,6403
1,6404
2,6405
3,6406
3,6407
3,6408
0,6409
3,6410
3,6411
3,6412
3,6413
2,6414
2,6415
3,6416
0,6417
0,6418
3,6419
3,6420
2,6421
0,6422
3,6423
1,6424
3,6425
2,6426
0,6427
0,6428
2,6429
3,6430
3,6431
1,6432
0,6433
1,6434
1,6435
0,6436
0,6437
1,6438
0,6439
3,6440
0,6441
1,6442
2,6443
2,6444
1,6445
0,6446
0,6447
0,6448
3,6449
1,6450
3,6451
1,6452
1,6453
3,6454
1,6455
0,6456
3,6457
1,6458
1,6459
3,6460
1,6461
1,6462
1,6463
3,6464
0,6465
3,6466
1,6467
1,6468
0,6469
1,6470
0,6471
3,6472
0,6473
3,6474
0,6475
2,6476
3,6477
2,6478
2,6479
2,6480
0,6481
3,6482
0,6483
0,6484
0,6485
1,6486
2,6487
1,6488
0,6489
3,6490
3,6491
1,6492
2,6493
1,6494
1,6495
0,6496
1,6497
0,6498
0,6499
3,6500
2,6501
1,6502
3,6503
2,6504
0,6505
3,6506
3,6507
3,6508
1,6509
3,6510
1,6511
3,6512
1,6513
3,6514
1,6515
2,6516
3,6517
1,6518
3,6519
1,6520
0,6521
3,6522
1,6523
1,6524
1,6525
0,6526
3,6527
0,6528
3,6529
3,6530
3,6531
2,6532
0,6533
0,6534
1,6535
2,6536
1,6537
0,6538
0,6539
1,6540
1,6541
2,6542
3,6543
0,6544
0,6545
3,6546
3,6547
2,6548
1,6549
1,6550
2,6551
0,6552
3,6553
1,6554
0,6555
3,6556
3,6557
2,6558
3,6559
1,6560
0,6561
2,6562
2,6563
0,6564
3,6565
0,6566
0,6567
3,6568
2,6569
1,6570
1,6571
3,6572
0,6573
3,6574
2,6575
1,6576
0,6577
0,6578
1,6579
0,6580
0,6581
3,6582
0,6583
3,6584
0,6585
2,6586
2,6587
3,6588
2,6589
3,6590
3,6591
1,6592
2,6593
3,6594
2,6595
1,6596
3,6597
3,6598
0,6599
0,6600
2,6601
3,6602
0,6603
2,6604
0,6605
0,6606
2,6607
3,6608
0,6609
0,6610
0,6611
2,6612
1,6613
3,6614
2,6615
0,6616
0,6617
2,6618
3,6619
2,6620
2,6621
1,6622
0,6623
0,6624
1,6625
0,6626
1,6627
0,6628
3,6629
0,6630
0,6631
0,6632
3,6633
1,6634
2,6635
3,6636
1,6637
1,6638
0,6639
3,6640
2,6641
0,6642
2,6643
1,6644
0,6645
0,6646
2,6647
0,6648
0,6649
2,6650
0,6651
0,6652
3,6653
0,6654
3,6655
3,6656
3,6657
1,6658
1,6659
2,6660
2,6661
0,6662
2,6663
1,6664
1,6665
0,6666
1,6667
2,6668
0,6669
3,6670
3,6671
0,6672
3,6673
2,6674
0,6675
1,6676
1,6677
0,6678
2,6679
0,6680
2,6681
1,6682
2,6683
3,6684
2,6685
0,6686
2,6687
0,6688
3,6689
0,6690
3,6691
1,6692
0,6693
3,6694
3,6695
3,6696
2,6697
0,6698
1,6699
1,6700
1,6701
0,6702
3,6703
0,6704
0,6705
3,6706
1,6707
2,6708
0,6709
1,6710
1,6711
3,6712
3,6713
3,6714
1,6715
0,6716
2,6717
0,6718
3,6719
3,6720
0,6721
1,6722
0,6723
3,6724
3,6725
0,6726
0,6727
0,6728
2,6729
3,6730
0,6731
1,6732
3,6733
3,6734
0,6735
2,6736
1,6737
2,6738
2,6739
1,6740
2,6741
3,6742
3,6743
3,6744
1,6745
0,6746
1,6747
1,6748
3,6749
2,6750
0,6751
3,6752
1,6753
2,6754
2,6755
0,6756
0,6757
0,6758
1,6759
3,6760
0,6761
3,6762
0,6763
3,6764
0,6765
0,6766
0,6767
2,6768
3,6769
1,6770
0,6771
3,6772
2,6773
3,6774
0,6775
3,6776
3,6777
0,6778
1,6779
0,6780
2,6781
3,6782
3,6783
1,6784
3,6785
1,6786
2,6787
3,6788
0,6789
3,6790
3,6791
1,6792
3,6793
0,6794
3,6795
0,6796
1,6797
0,6798
3,6799
1,6800
3,6801
0,6802
2,6803
3,6804
0,6805
2,6806
3,6807
1,6808
3,6809
3,6810
0,6811
3,6812
3,6813
3,6814
1,6815
0,6816
1,6817
1,6818
0,6819
2,6820
2,6821
1,6822
3,6823
3,6824
2,6825
3,6826
2,6827
2,6828
2,6829
0,6830
1,6831
0,6832
1,6833
3,6834
2,6835
2,6836
3,6837
2,6838
2,6839
3,6840
3,6841
1,6842
2,6843
1,6844
2,6845
2,6846
2,6847
3,6848
0,6849
1,6850
0,6851
3,6852
0,6853
3,6854
1,6855
0,6856
2,6857
3,6858
3,6859
3,6860
3,6861
2,6862
3,6863
3,6864
3,6865
3,6866
3,6867
0,6868
0,6869
2,6870
0,6871
2,6872
3,6873
3,6874
0,6875
2,6876
1,6877
0,6878
0,6879
0,6880
3,6881
3,6882
0,6883
3,6884
1,6885
3,6886
1,6887
1,6888
3,6889
3,6890
0,6891
2,6892
0,6893
1,6894
0,6895
2,6896
2,6897
0,6898
3,6899
3,6900
1,6901
1,6902
3,6903
0,6904
3,6905
2,6906
3,6907
3,6908
1,6909
1,6910
2,6911
2,6912
0,6913
3,6914
3,6915
0,6916
0,6917
1,6918
2,6919
3,6920
3,6921
2,6922
0,6923
0,6924
1,6925
2,6926
2,6927
2,6928
3,6929
3,6930
2,6931
0,6932
1,6933
2,6934
0,6935
1,6936
0,6937
0,6938
2,6939
3,6940
0,6941
3,6942
3,6943
2,6944
2,6945
0,6946
3,6947
0,6948
1,6949
2,6950
0,6951
3,6952
2,6953
3,6954
3,6955
1,6956
2,6957
1,6958
3,6959
1,6960
3,6961
3,6962
3,6963
3,6964
2,6965
2,6966
0,6967
1,6968
0,6969
0,6970
1,6971
2,6972
2,6973
2,6974
2,6975
1,6976
1,6977
3,6978
2,6979
0,6980
3,6981
0,6982
2,6983
1,6984
0,6985
2,6986
3,6987
0,6988
0,6989
0,6990
0,6991
3,6992
2,6993
3,6994
3,6995
0,6996
0,6997
3,6998
1,6999
0,7000
1,7001
0,7002
1,7003
0,7004
2,7005
3,7006
2,7007
1,7008
1,7009
3,7010
0,7011
3,7012
3,7013
3,7014
2,7015
0,7016
2,7017
1,7018
1,7019
1,7020
0,7021
1,7022
1,7023
0,7024
2,7025
3,7026
3,7027
0,7028
2,7029
3,7030
2,7031
0,7032
3,7033
3,7034
3,7035
0,7036
0,7037
1,7038
2,7039
1,7040
2,7041
1,7042
3,7043
0,7044
3,7045
3,7046
3,7047
2,7048
1,7049
3,7050
3,7051
3,7052
0,7053
3,7054
1,7055
2,7056
0,7057
3,7058
0,7059
2,7060
0,7061
0,7062
3,7063
2,7064
1,7065
2,7066
3,7067
0,7068
2,7069
3,7070
0,7071
2,7072
1,7073
2,7074
0,7075
0,7076
3,7077
0,7078
0,7079
3,7080
1,7081
1,7082
3,7083
0,7084
0,7085
3,7086
0,7087
0,7088
3,7089
3,7090
1,7091
0,7092
3,7093
1,7094
1,7095
3,7096
1,7097
3,7098
2,7099
2,7100
3,7101
3,7102
2,7103
2,7104
3,7105
0,7106
3,7107
0,7108
3,7109
3,7110
0,7111
0,7112
0,7113
0,7114
1,7115
3,7116
1,7117
2,7118
3,7119
2,7120
3,7121
2,7122
3,7123
3,7124
0,7125
3,7126
0,7127
0,7128
2,7129
0,7130
3,7131
2,7132
3,7133
0,7134
0,7135
3,7136
3,7137
0,7138
2,7139
1,7140
0,7141
1,7142
1,7143
1,7144
3,7145
3,7146
0,7147
1,7148
3,7149
0,7150
0,7151
0,7152
2,7153
3,7154
1,7155
1,7156
0,7157
2,7158
3,7159
3,7160
3,7161
1,7162
0,7163
2,7164
3,7165
1,7166
3,7167
0,7168
0,7169
0,7170
3,7171
3,7172
0,7173
3,7174
3,7175
2,7176
0,7177
2,7178
2,7179
2,7180
2,7181
3,7182
0,7183
3,7184
0,7185
2,7186
2,7187
3,7188
0,7189
2,7190
2,7191
3,7192
0,7193
0,7194
3,7195
0,7196
2,7197
3,7198
2,7199
0,7200
2,7201
0,7202
1,7203
3,7204
1,7205
3,7206
3,7207
0,7208
3,7209
2,7210
1,7211
2,7212
1,7213
2,7214
2,7215
0,7216
2,7217
2,7218
2,7219
0,7220
0,7221
3,7222
3,7223
3,7224
0,7225
0,7226
3,7227
0,7228
2,7229
0,7230
0,7231
1,7232
1,7233
3,7234
0,7235
0,7236
1,7237
1,7238
3,7239
0,7240
0,7241
3,7242
0,7243
3,7244
1,7245
0,7246
1,7247
0,7248
3,7249
0,7250
1,7251
2,7252
3,7253
0,7254
1,7255
0,7256
3,7257
2,7258
3,7259
0,7260
2,7261
3,7262
0,7263
1,7264
0,7265
3,7266
3,7267
2,7268
1,7269
1,7270
1,7271
1,7272
1,7273
3,7274
3,7275
1,7276
1,7277
0,7278
0,7279
3,7280
3,7281
3,7282
0,7283
2,7284
3,7285
3,7286
1,7287
3,7288
3,7289
0,7290
3,7291
0,7292
0,7293
0,7294
1,7295
0,7296
1,7297
0,7298
0,7299
1,7300
0,7301
0,7302
3,7303
0,7304
0,7305
1,7306
0,7307
0,7308
1,7309
0,7310
3,7311
1,7312
2,7313
0,7314
1,7315
2,7316
0,7317
1,7318
3,7319
3,7320
0,7321
1,7322
2,7323
1,7324
0,7325
0,7326
0,7327
2,7328
0,7329
2,7330
3,7331
2,7332
0,7333
1,7334
3,7335
0,7336
3,7337
0,7338
1,7339
1,7340
3,7341
3,7342
0,7343
3,7344
3,7345
0,7346
3,7347
0,7348
2,7349
2,7350
0,7351
2,7352
0,7353
2,7354
0,7355
2,7356
0,7357
3,7358
0,7359
3,7360
2,7361
3,7362
3,7363
2,7364
2,7365
3,7366
0,7367
0,7368
3,7369
0,7370
1,7371
1,7372
0,7373
1,7374
0,7375
3,7376
1,7377
3,7378
0,7379
2,7380
1,7381
0,7382
3,7383
2,7384
3,7385
0,7386
1,7387
3,7388
3,7389
3,7390
3,7391
3,7392
2,7393
0,7394
0,7395
0,7396
3,7397
1,7398
0,7399
0,7400
2,7401
2,7402
0,7403
1,7404
3,7405
3,7406
0,7407
0,7408
2,7409
3,7410
0,7411
0,7412
1,7413
2,7414
3,7415
1,7416
0,7417
2,7418
2,7419
1,7420
2,7421
3,7422
3,7423
2,7424
2,7425
0,7426
0,7427
3,7428
2,7429
3,7430
3,7431
0,7432
0,7433
0,7434
2,7435
3,7436
3,7437
2,7438
3,7439
0,7440
3,7441
2,7442
3,7443
0,7444
0,7445
3,7446
0,7447
1,7448
0,7449
2,7450
2,7451
3,7452
2,7453
0,7454
0,7455
3,7456
2,7457
1,7458
3,7459
1,7460
3,7461
2,7462
1,7463
2,7464
3,7465
0,7466
1,7467
0,7468
3,7469
1,7470
3,7471
0,7472
0,7473
3,7474
0,7475
0,7476
3,7477
2,7478
2,7479
1,7480
0,7481
2,7482
2,7483
3,7484
1,7485
2,7486
0,7487
2,7488
3,7489
0,7490
0,7491
2,7492
2,7493
0,7494
0,7495
2,7496
1,7497
3,7498
3,7499
3,7500
1,7501
1,7502
0,7503
1,7504
2,7505
1,7506
3,7507
3,7508
3,7509
2,7510
1,7511
3,7512
0,7513
2,7514
3,7515
1,7516
1,7517
2,7518
3,7519
1,7520
0,7521
3,7522
2,7523
3,7524
1,7525
3,7526
0,7527
3,7528
0,7529
2,7530
3,7531
2,7532
0,7533
2,7534
3,7535
3,7536
3,7537
2,7538
1,7539
2,7540
1,7541
3,7542
3,7543
1,7544
2,7545
1,7546
1,7547
3,7548
1,7549
3,7550
3,7551
2,7552
1,7553
1,7554
1,7555
2,7556
0,7557
1,7558
3,7559
0,7560
0,7561
0,7562
0,7563
0,7564
2,7565
0,7566
3,7567
1,7568
3,7569
3,7570
3,7571
0,7572
0,7573
0,7574
0,7575
1,7576
0,7577
0,7578
1,7579
1,7580
3,7581
0,7582
3,7583
3,7584
1,7585
2,7586
0,7587
2,7588
3,7589
3,7590
2,7591
1,7592
2,7593
1,7594
3,7595
3,7596
3,7597
2,7598
0,7599
0,7600
1,7601
2,7602
1,7603
3,7604
1,7605
3,7606
3,7607
0,7608
0,7609
0,7610
2,7611
3,7612
0,7613
0,7614
0,7615
2,7616
0,7617
0,7618
2,7619
0,7620
0,7621
3,7622
3,7623
0,7624
0,7625
3,7626
0,7627
3,7628
2,7629
1,7630
2,7631
2,7632
1,7633
2,7634
0,7635
3,7636
3,7637
2,7638
0,7639
3,7640
1,7641
2,7642
3,7643
2,7644
1,7645
0,7646
0,7647
3,7648
3,7649
0,7650
0,7651
2,7652
2,7653
3,7654
2,7655
3,7656
1,7657
3,7658
0,7659
3,7660
3,7661
3,7662
3,7663
3,7664
0,7665
2,7666
0,7667
3,7668
0,7669
0,7670
0,7671
3,7672
1,7673
0,7674
0,7675
0,7676
1,7677
0,7678
2,7679
0,7680
3,7681
0,7682
2,7683
1,7684
3,7685
3,7686
1,7687
1,7688
1,7689
3,7690
3,7691
0,7692
3,7693
3,7694
2,7695
1,7696
2,7697
3,7698
2,7699
1,7700
0,7701
0,7702
2,7703
1,7704
1,7705
3,7706
0,7707
0,7708
2,7709
1,7710
0,7711
0,7712
0,7713
2,7714
0,7715
0,7716
0,7717
3,7718
2,7719
2,7720
3,7721
3,7722
0,7723
0,7724
2,7725
1,7726
2,7727
3,7728
1,7729
2,7730
2,7731
1,7732
3,7733
2,7734
0,7735
3,7736
3,7737
3,7738
3,7739
1,7740
3,7741
0,7742
0,7743
2,7744
2,7745
2,7746
2,7747
3,7748
3,7749
0,7750
0,7751
0,7752
0,7753
2,7754
2,7755
2,7756
1,7757
1,7758
0,7759
0,7760
0,7761
3,7762
1,7763
3,7764
0,7765
1,7766
1,7767
1,7768
1,7769
1,7770
2,7771
0,7772
2,7773
3,7774
0,7775
2,7776
1,7777
0,7778
3,7779
3,7780
3,7781
1,7782
0,7783
3,7784
2,7785
2,7786
2,7787
1,7788
0,7789
2,7790
0,7791
3,7792
1,7793
3,7794
3,7795
2,7796
0,7797
0,7798
0,7799
0,7800
1,7801
3,7802
0,7803
3,7804
0,7805
3,7806
0,7807
0,7808
0,7809
1,7810
0,7811
3,7812
1,7813
2,7814
0,7815
3,7816
0,7817
1,7818
1,7819
1,7820
3,7821
0,7822
3,7823
2,7824
2,7825
0,7826
2,7827
3,7828
3,7829
3,7830
2,7831
2,7832
0,7833
2,7834
1,7835
0,7836
2,7837
1,7838
1,7839
0,7840
0,7841
2,7842
2,7843
2,7844
3,7845
2,7846
1,7847
1,7848
1,7849
3,7850
3,7851
3,7852
1,7853
0,7854
0,7855
2,7856
3,7857
1,7858
1,7859
1,7860
2,7861
3,7862
3,7863
0,7864
0,7865
3,7866
3,7867
3,7868
2,7869
0,7870
3,7871
3,7872
0,7873
1,7874
0,7875
3,7876
3,7877
3,7878
1,7879
3,7880
1,7881
2,7882
3,7883
3,7884
3,7885
3,7886
2,7887
0,7888
3,7889
1,7890
1,7891
1,7892
3,7893
1,7894
3,7895
2,7896
0,7897
0,7898
3,7899
3,7900
3,7901
1,7902
1,7903
0,7904
0,7905
0,7906
3,7907
1,7908
2,7909
2,7910
1,7911
0,7912
3,7913
0,7914
1,7915
1,7916
3,7917
2,7918
3,7919
2,7920
3,7921
3,7922
3,7923
0,7924
1,7925
0,7926
1,7927
0,7928
0,7929
1,7930
2,7931
0,7932
3,7933
3,7934
0,7935
1,7936
1,7937
3,7938
3,7939
2,7940
2,7941
2,7942
0,7943
1,7944
3,7945
0,7946
3,7947
2,7948
3,7949
0,7950
2,7951
1,7952
0,7953
1,7954
0,7955
2,7956
3,7957
0,7958
3,7959
1,7960
2,7961
3,7962
1,7963
1,7964
3,7965
0,7966
3,7967
0,7968
1,7969
2,7970
1,7971
3,7972
0,7973
0,7974
3,7975
3,7976
0,7977
0,7978
1,7979
0,7980
2,7981
3,7982
0,7983
1,7984
3,7985
2,7986
1,7987
3,7988
2,7989
1,7990
2,7991
3,7992
0,7993
3,7994
3,7995
1,7996
2,7997
3,7998
3,7999
1,8000
1,8001
0,8002
0,8003
3,8004
0,8005
2,8006
2,8007
1,8008
1,8009
1,8010
1,8011
0,8012
3,8013
0,8014
0,8015
0,8016
1,8017
2,8018
2,8019
2,8020
3,8021
3,8022
3,8023
3,8024
2,8025
3,8026
1,8027
3,8028
1,8029
2,8030
3,8031
1,8032
1,8033
3,8034
2,8035
3,8036
1,8037
0,8038
2,8039
1,8040
1,8041
1,8042
3,8043
1,8044
2,8045
3,8046
1,8047
0,8048
1,8049
2,8050
1,8051
3,8052
2,8053
0,8054
1,8055
3,8056
0,8057
3,8058
1,8059
3,8060
2,8061
0,8062
0,8063
0,8064
3,8065
2,8066
2,8067
2,8068
0,8069
1,8070
3,8071
3,8072
0,8073
3,8074
3,8075
0,8076
2,8077
0,8078
0,8079
0,8080
0,8081
3,8082
1,8083
0,8084
3,8085
1,8086
3,8087
3,8088
3,8089
3,8090
0,8091
3,8092
2,8093
2,8094
1,8095
0,8096
2,8097
1,8098
2,8099
0,8100
0,8101
3,8102
2,8103
1,8104
0,8105
2,8106
1,8107
0,8108
0,8109
3,8110
3,8111
3,8112
0,8113
1,8114
0,8115
1,8116
0,8117
2,8118
0,8119
1,8120
3,8121
3,8122
3,8123
0,8124
1,8125
3,8126
3,8127
3,8128
2,8129
3,8130
2,8131
0,8132
1,8133
1,8134
2,8135
1,8136
2,8137
0,8138
3,8139
0,8140
3,8141
1,8142
0,8143
0,8144
0,8145
0,8146
3,8147
3,8148
0,8149
0,8150
1,8151
3,8152
1,8153
0,8154
1,8155
0,8156
2,8157
2,8158
0,8159
0,8160
1,8161
0,8162
2,8163
1,8164
3,8165
2,8166
1,8167
0,8168
3,8169
3,8170
0,8171
0,8172
3,8173
2,8174
3,8175
1,8176
3,8177
0,8178
0,8179
2,8180
0,8181
1,8182
3,8183
0,8184
0,8185
2,8186
0,8187
2,8188
0,8189
3,8190
3,8191
3,8192
1,8193
2,8194
3,8195
2,8196
1,8197
3,8198
1,8199
2,8200
0,8201
2,8202
2,8203
2,8204
1,8205
0,8206
3,8207
1,8208
3,8209
0,8210
2,8211
3,8212
0,8213
1,8214
2,8215
0,8216
0,8217
3,8218
3,8219
1,8220
2,8221
0,8222
1,8223
0,8224
3,8225
2,8226
1,8227
3,8228
0,8229
1,8230
0,8231
3,8232
3,8233
1,8234
0,8235
3,8236
1,8237
1,8238
0,8239
1,8240
0,8241
0,8242
2,8243
3,8244
3,8245
0,8246
0,8247
3,8248
1,8249
2,8250
0,8251
3,8252
0,8253
1,8254
1,8255
1,8256
3,8257
3,8258
1,8259
3,8260
0,8261
2,8262
0,8263
3,8264
0,8265
0,8266
3,8267
3,8268
2,8269
2,8270
0,8271
3,8272
1,8273
3,8274
0,8275
0,8276
3,8277
3,8278
1,8279
1,8280
3,8281
0,8282
2,8283
3,8284
0,8285
3,8286
3,8287
0,8288
1,8289
3,8290
2,8291
3,8292
0,8293
1,8294
0,8295
0,8296
2,8297
3,8298
1,8299
3,8300
1,8301
2,8302
2,8303
0,8304
1,8305
1,8306
3,8307
3,8308
3,8309
0,8310
3,8311
3,8312
1,8313
2,8314
2,8315
3,8316
3,8317
0,8318
1,8319
1,8320
0,8321
0,8322
0,8323
0,8324
1,8325
3,8326
2,8327
0,8328
3,8329
0,8330
0,8331
3,8332
2,8333
0,8334
3,8335
2,8336
0,8337
0,8338
3,8339
3,8340
2,8341
0,8342
0,8343
1,8344
0,8345
2,8346
0,8347
2,8348
0,8349
3,8350
1,8351
1,8352
3,8353
2,8354
0,8355
2,8356
3,8357
0,8358
3,8359
3,8360
3,8361
0,8362
1,8363
0,8364
2,8365
0,8366
1,8367
3,8368
3,8369
1,8370
3,8371
1,8372
2,8373
1,8374
0,8375
0,8376
1,8377
2,8378
0,8379
2,8380
0,8381
2,8382
0,8383
1,8384
0,8385
3,8386
1,8387
0,8388
0,8389
3,8390
3,8391
1,8392
3,8393
3,8394
1,8395
0,8396
0,8397
2,8398
1,8399
0,8400
2,8401
3,8402
0,8403
1,8404
0,8405
3,8406
0,8407
2,8408
0,8409
2,8410
3,8411
2,8412
0,8413
3,8414
2,8415
3,8416
3,8417
0,8418
3,8419
0,8420
3,8421
0,8422
1,8423
1,8424
0,8425
3,8426
2,8427
0,8428
0,8429
0,8430
1,8431
3,8432
2,8433
3,8434
3,8435
3,8436
2,8437
0,8438
0,8439
1,8440
0,8441
3,8442
2,8443
1,8444
0,8445
3,8446
0,8447
1,8448
2,8449
3,8450
1,8451
2,8452
3,8453
0,8454
3,8455
2,8456
3,8457
1,8458
2,8459
3,8460
3,8461
3,8462
1,8463
3,8464
0,8465
2,8466
0,8467
0,8468
0,8469
2,8470
1,8471
3,8472
0,8473
1,8474
2,8475
1,8476
3,8477
2,8478
3,8479
2,8480
1,8481
3,8482
2,8483
3,8484
1,8485
3,8486
1,8487
3,8488
3,8489
1,8490
0,8491
3,8492
3,8493
0,8494
2,8495
3,8496
3,8497
3,8498
0,8499
0,8500
3,8501
2,8502
3,8503
0,8504
2,8505
0,8506
1,8507
2,8508
3,8509
3,8510
3,8511
0,8512
0,8513
3,8514
0,8515
0,8516
1,8517
3,8518
3,8519
1,8520
3,8521
2,8522
3,8523
2,8524
1,8525
0,8526
3,8527
0,8528
0,8529
3,8530
3,8531
0,8532
3,8533
2,8534
0,8535
1,8536
2,8537
0,8538
0,8539
0,8540
2,8541
0,8542
2,8543
1,8544
0,8545
1,8546
3,8547
1,8548
2,8549
1,8550
0,8551
2,8552
0,8553
3,8554
2,8555
1,8556
2,8557
3,8558
1,8559
3,8560
2,8561
2,8562
0,8563
3,8564
3,8565
2,8566
1,8567
3,8568
3,8569
3,8570
3,8571
3,8572
3,8573
1,8574
1,8575
3,8576
1,8577
2,8578
3,8579
3,8580
2,8581
3,8582
3,8583
1,8584
1,8585
0,8586
2,8587
0,8588
0,8589
3,8590
0,8591
3,8592
0,8593
0,8594
2,8595
3,8596
1,8597
0,8598
1,8599
3,8600
0,8601
1,8602
1,8603
0,8604
2,8605
2,8606
1,8607
1,8608
3,8609
1,8610
2,8611
0,8612
2,8613
2,8614
0,8615
2,8616
0,8617
0,8618
1,8619
0,8620
2,8621
0,8622
0,8623
0,8624
0,8625
2,8626
3,8627
1,8628
0,8629
0,8630
2,8631
0,8632
3,8633
0,8634
0,8635
3,8636
3,8637
3,8638
3,8639
1,8640
1,8641
0,8642
2,8643
3,8644
0,8645
0,8646
0,8647
0,8648
1,8649
1,8650
1,8651
1,8652
3,8653
3,8654
3,8655
3,8656
2,8657
0,8658
3,8659
0,8660
3,8661
0,8662
3,8663
1,8664
1,8665
3,8666
0,8667
3,8668
1,8669
3,8670
2,8671
0,8672
1,8673
1,8674
1,8675
1,8676
1,8677
3,8678
1,8679
0,8680
0,8681
3,8682
2,8683
2,8684
0,8685
3,8686
0,8687
1,8688
2,8689
1,8690
0,8691
1,8692
3,8693
0,8694
0,8695
2,8696
3,8697
1,8698
2,8699
0,8700
2,8701
0,8702
2,8703
0,8704
3,8705
3,8706
2,8707
1,8708
3,8709
0,8710
0,8711
1,8712
0,8713
1,8714
0,8715
3,8716
3,8717
0,8718
3,8719
3,8720
1,8721
3,8722
2,8723
2,8724
2,8725
2,8726
1,8727
1,8728
2,8729
2,8730
0,8731
0,8732
3,8733
3,8734
0,8735
2,8736
0,8737
3,8738
3,8739
3,8740
3,8741
1,8742
0,8743
3,8744
2,8745
2,8746
2,8747
0,8748
3,8749
1,8750
1,8751
2,8752
3,8753
1,8754
0,8755
3,8756
3,8757
1,8758
2,8759
2,8760
1,8761
0,8762
3,8763
2,8764
2,8765
3,8766
2,8767
2,8768
2,8769
3,8770
1,8771
1,8772
3,8773
0,8774
3,8775
0,8776
0,8777
0,8778
3,8779
0,8780
1,8781
1,8782
1,8783
1,8784
2,8785
3,8786
0,8787
2,8788
2,8789
1,8790
2,8791
0,8792
1,8793
2,8794
3,8795
3,8796
0,8797
3,8798
1,8799
0,8800
1,8801
1,8802
0,8803
3,8804
1,8805
3,8806
2,8807
1,8808
0,8809
2,8810
1,8811
3,8812
0,8813
3,8814
0,8815
1,8816
1,8817
0,8818
1,8819
1,8820
0,8821
3,8822
2,8823
0,8824
1,8825
3,8826
0,8827
1,8828
2,8829
1,8830
3,8831
1,8832
3,8833
0,8834
1,8835
0,8836
0,8837
2,8838
0,8839
1,8840
2,8841
0,8842
1,8843
2,8844
1,8845
0,8846
1,8847
0,8848
2,8849
1,8850
3,8851
0,8852
0,8853
2,8854
2,8855
0,8856
3,8857
0,8858
0,8859
1,8860
2,8861
1,8862
0,8863
1,8864
2,8865
2,8866
2,8867
3,8868
0,8869
3,8870
2,8871
1,8872
2,8873
1,8874
0,8875
2,8876
1,8877
0,8878
0,8879
2,8880
2,8881
0,8882
3,8883
0,8884
2,8885
0,8886
1,8887
1,8888
3,8889
1,8890
2,8891
0,8892
1,8893
0,8894
1,8895
3,8896
0,8897
0,8898
3,8899
2,8900
3,8901
0,8902
2,8903
0,8904
0,8905
3,8906
3,8907
1,8908
3,8909
3,8910
2,8911
0,8912
2,8913
1,8914
0,8915
3,8916
2,8917
0,8918
2,8919
3,8920
1,8921
0,8922
2,8923
2,8924
2,8925
0,8926
0,8927
1,8928
3,8929
3,8930
3,8931
3,8932
2,8933
1,8934
0,8935
2,8936
2,8937
1,8938
2,8939
0,8940
2,8941
3,8942
2,8943
3,8944
2,8945
0,8946
3,8947
0,8948
3,8949
2,8950
2,8951
0,8952
3,8953
1,8954
2,8955
3,8956
2,8957
3,8958
3,8959
0,8960
1,8961
2,8962
0,8963
0,8964
1,8965
3,8966
1,8967
1,8968
0,8969
3,8970
1,8971
3,8972
0,8973
2,8974
0,8975
3,8976
0,8977
2,8978
2,8979
2,8980
3,8981
1,8982
2,8983
1,8984
2,8985
3,8986
1,8987
3,8988
3,8989
1,8990
3,8991
3,8992
1,8993
3,8994
1,8995
3,8996
0,8997
1,8998
1,8999
3,9000
0,9001
0,9002
3,9003
0,9004
1,9005
2,9006
3,9007
3,9008
1,9009
3,9010
1,9011
3,9012
1,9013
0,9014
3,9015
2,9016
3,9017
0,9018
3,9019
1,9020
1,9021
0,9022
2,9023
0,9024
2,9025
0,9026
3,9027
3,9028
1,9029
3,9030
1,9031
0,9032
0,9033
2,9034
2,9035
1,9036
0,9037
3,9038
3,9039
0,9040
2,9041
0,9042
3,9043
3,9044
1,9045
1,9046
0,9047
3,9048
2,9049
2,9050
0,9051
3,9052
2,9053
0,9054
3,9055
3,9056
2,9057
0,9058
3,9059
1,9060
0,9061
1,9062
3,9063
3,9064
0,9065
0,9066
1,9067
3,9068
2,9069
1,9070
2,9071
1,9072
0,9073
3,9074
1,9075
1,9076
2,9077
2,9078
0,9079
1,9080
3,9081
2,9082
2,9083
2,9084
3,9085
2,9086
3,9087
1,9088
3,9089
0,9090
2,9091
0,9092
0,9093
0,9094
2,9095
1,9096
2,9097
2,9098
2,9099
2,9100
2,9101
3,9102
2,9103
0,9104
0,9105
2,9106
3,9107
1,9108
0,9109
0,9110
0,9111
1,9112
0,9113
1,9114
1,9115
1,9116
1,9117
0,9118
3,9119
0,9120
0,9121
3,9122
2,9123
0,9124
2,9125
3,9126
3,9127
3,9128
1,9129
3,9130
3,9131
2,9132
2,9133
0,9134
2,9135
3,9136
0,9137
1,9138
0,9139
1,9140
3,9141
0,9142
3,9143
0,9144
0,9145
2,9146
2,9147
0,9148
3,9149
0,9150
0,9151
0,9152
1,9153
2,9154
3,9155
3,9156
2,9157
0,9158
1,9159
2,9160
0,9161
0,9162
1,9163
2,9164
3,9165
1,9166
3,9167
3,9168
3,9169
0,9170
2,9171
3,9172
3,9173
2,9174
3,9175
0,9176
3,9177
1,9178
1,9179
3,9180
3,9181
0,9182
3,9183
3,9184
1,9185
3,9186
0,9187
1,9188
0,9189
3,9190
3,9191
1,9192
2,9193
1,9194
0,9195
3,9196
1,9197
1,9198
2,9199
2,9200
0,9201
1,9202
3,9203
0,9204
3,9205
1,9206
2,9207
3,9208
2,9209
3,9210
2,9211
3,9212
0,9213
3,9214
1,9215
2,9216
3,9217
0,9218
2,9219
1,9220
2,9221
1,9222
0,9223
0,9224
0,9225
0,9226
1,9227
2,9228
1,9229
3,9230
0,9231
3,9232
0,9233
1,9234
0,9235
3,9236
3,9237
0,9238
1,9239
0,9240
0,9241
3,9242
0,9243
2,9244
3,9245
3,9246
3,9247
0,9248
1,9249
1,9250
3,9251
3,9252
3,9253
2,9254
3,9255
2,9256
1,9257
1,9258
3,9259
1,9260
0,9261
3,9262
1,9263
0,9264
0,9265
0,9266
0,9267
3,9268
2,9269
3,9270
2,9271
2,9272
2,9273
2,9274
3,9275
3,9276
2,9277
0,9278
3,9279
0,9280
1,9281
0,9282
0,9283
0,9284
0,9285
0,9286
3,9287
3,9288
2,9289
0,9290
0,9291
1,9292
1,9293
2,9294
0,9295
0,9296
2,9297
3,9298
0,9299
1,9300
1,9301
2,9302
3,9303
3,9304
1,9305
2,9306
3,9307
1,9308
1,9309
3,9310
2,9311
1,9312
3,9313
0,9314
2,9315
3,9316
0,9317
0,9318
2,9319
2,9320
3,9321
1,9322
0,9323
1,9324
0,9325
1,9326
3,9327
1,9328
0,9329
0,9330
3,9331
1,9332
0,9333
3,9334
1,9335
2,9336
0,9337
2,9338
0,9339
2,9340
0,9341
2,9342
3,9343
3,9344
3,9345
0,9346
3,9347
1,9348
0,9349
3,9350
0,9351
0,9352
0,9353
3,9354
1,9355
1,9356
3,9357
0,9358
0,9359
1,9360
0,9361
0,9362
1,9363
0,9364
3,9365
0,9366
0,9367
3,9368
0,9369
1,9370
2,9371
1,9372
0,9373
3,9374
3,9375
0,9376
3,9377
0,9378
3,9379
3,9380
2,9381
0,9382
0,9383
2,9384
1,9385
3,9386
2,9387
3,9388
2,9389
1,9390
3,9391
2,9392
0,9393
2,9394
3,9395
2,9396
3,9397
0,9398
2,9399
0,9400
0,9401
1,9402
1,9403
3,9404
1,9405
0,9406
1,9407
0,9408
3,9409
0,9410
2,9411
0,9412
1,9413
0,9414
0,9415
2,9416
1,9417
1,9418
0,9419
1,9420
3,9421
0,9422
1,9423
0,9424
3,9425
0,9426
2,9427
3,9428
3,9429
2,9430
2,9431
0,9432
2,9433
1,9434
2,9435
1,9436
0,9437
3,9438
2,9439
0,9440
0,9441
1,9442
2,9443
3,9444
3,9445
1,9446
3,9447
3,9448
2,9449
0,9450
2,9451
3,9452
0,9453
3,9454
0,9455
1,9456
0,9457
0,9458
0,9459
1,9460
0,9461
0,9462
1,9463
0,9464
3,9465
0,9466
3,9467
1,9468
3,9469
2,9470
3,9471
0,9472
1,9473
3,9474
0,9475
3,9476
0,9477
3,9478
0,9479
3,9480
2,9481
2,9482
1,9483
0,9484
1,9485
3,9486
1,9487
0,9488
3,9489
0,9490
3,9491
3,9492
2,9493
1,9494
3,9495
0,9496
1,9497
0,9498
2,9499
3,9500
3,9501
0,9502
1,9503
3,9504
1,9505
3,9506
1,9507
1,9508
1,9509
2,9510
0,9511
1,9512
2,9513
2,9514
2,9515
3,9516
1,9517
3,9518
0,9519
2,9520
1,9521
3,9522
0,9523
1,9524
0,9525
0,9526
1,9527
0,9528
1,9529
3,9530
0,9531
2,9532
3,9533
3,9534
0,9535
3,9536
1,9537
1,9538
1,9539
1,9540
1,9541
3,9542
0,9543
2,9544
2,9545
3,9546
3,9547
1,9548
2,9549
3,9550
0,9551
0,9552
0,9553
1,9554
3,9555
3,9556
1,9557
3,9558
3,9559
3,9560
3,9561
0,9562
2,9563
2,9564
2,9565
2,9566
0,9567
0,9568
3,9569
1,9570
2,9571
3,9572
0,9573
1,9574
0,9575
0,9576
0,9577
0,9578
0,9579
3,9580
3,9581
0,9582
2,9583
3,9584
0,9585
3,9586
0,9587
2,9588
0,9589
0,9590
0,9591
3,9592
3,9593
3,9594
2,9595
3,9596
2,9597
0,9598
3,9599
3,9600
2,9601
1,9602
3,9603
3,9604
3,9605
0,9606
1,9607
3,9608
0,9609
1,9610
0,9611
0,9612
1,9613
3,9614
3,9615
0,9616
3,9617
1,9618
3,9619
2,9620
2,9621
1,9622
1,9623
1,9624
0,9625
3,9626
0,9627
0,9628
2,9629
1,9630
3,9631
0,9632
2,9633
2,9634
0,9635
0,9636
3,9637
0,9638
2,9639
0,9640
2,9641
1,9642
2,9643
1,9644
0,9645
3,9646
0,9647
0,9648
0,9649
1,9650
2,9651
1,9652
2,9653
3,9654
3,9655
2,9656
3,9657
0,9658
2,9659
0,9660
2,9661
3,9662
0,9663
2,9664
0,9665
3,9666
2,9667
0,9668
3,9669
1,9670
3,9671
2,9672
3,9673
0,9674
2,9675
3,9676
2,9677
3,9678
0,9679
0,9680
2,9681
0,9682
1,9683
0,9684
3,9685
0,9686
2,9687
2,9688
3,9689
2,9690
1,9691
3,9692
2,9693
0,9694
3,9695
3,9696
3,9697
2,9698
1,9699
2,9700
0,9701
2,9702
2,9703
3,9704
1,9705
3,9706
0,9707
3,9708
0,9709
1,9710
2,9711
1,9712
0,9713
1,9714
2,9715
3,9716
1,9717
3,9718
0,9719
2,9720
1,9721
0,9722
3,9723
3,9724
2,9725
3,9726
0,9727
0,9728
3,9729
0,9730
3,9731
3,9732
0,9733
3,9734
1,9735
3,9736
1,9737
2,9738
1,9739
1,9740
1,9741
3,9742
0,9743
1,9744
0,9745
3,9746
0,9747
0,9748
1,9749
1,9750
0,9751
1,9752
3,9753
1,9754
3,9755
0,9756
2,9757
0,9758
3,9759
1,9760
2,9761
0,9762
0,9763
0,9764
2,9765
3,9766
3,9767
0,9768
0,9769
0,9770
2,9771
1,9772
2,9773
0,9774
2,9775
3,9776
0,9777
2,9778
1,9779
0,9780
1,9781
0,9782
0,9783
1,9784
2,9785
2,9786
0,9787
3,9788
0,9789
0,9790
3,9791
1,9792
2,9793
2,9794
3,9795
2,9796
0,9797
1,9798
3,9799
1,9800
3,9801
3,9802
0,9803
0,9804
0,9805
3,9806
3,9807
3,9808
3,9809
0,9810
0,9811
1,9812
1,9813
3,9814
3,9815
0,9816
3,9817
0,9818
3,9819
1,9820
2,9821
2,9822
0,9823
2,9824
0,9825
2,9826
0,9827
3,9828
0,9829
0,9830
2,9831
0,9832
3,9833
1,9834
3,9835
0,9836
1,9837
3,9838
0,9839
3,9840
1,9841
0,9842
0,9843
1,9844
1,9845
1,9846
2,9847
1,9848
2,9849
0,9850
0,9851
2,9852
0,9853
2,9854
3,9855
3,9856
3,9857
0,9858
2,9859
1,9860
1,9861
2,9862
1,9863
0,9864
2,9865
3,9866
3,9867
1,9868
1,9869
1,9870
3,9871
2,9872
3,9873
1,9874
1,9875
2,9876
1,9877
3,9878
1,9879
3,9880
0,9881
3,9882
0,9883
2,9884
1,9885
0,9886
0,9887
2,9888
3,9889
1,9890
3,9891
3,9892
0,9893
1,9894
0,9895
0,9896
1,9897
0,9898
0,9899
2,9900
1,9901
0,9902
3,9903
2,9904
2,9905
0,9906
2,9907
2,9908
0,9909
3,9910
2,9911
0,9912
1,9913
0,9914
1,9915
3,9916
3,9917
3,9918
3,9919
2,9920
0,9921
3,9922
3,9923
3,9924
3,9925
0,9926
3,9927
3,9928
3,9929
3,9930
0,9931
1,9932
0,9933
2,9934
1,9935
0,9936
3,9937
2,9938
3,9939
2,9940
1,9941
0,9942
2,9943
0,9944
0,9945
3,9946
1,9947
0,9948
0,9949
2,9950
1,9951
0,9952
0,9953
0,9954
2,9955
2,9956
1,9957
3,9958
1,9959
1,9960
2,9961
1,9962
3,9963
0,9964
0,9965
0,9966
3,9967
2,9968
3,9969
1,9970
3,9971
1,9972
2,9973
0,9974
1,9975
0,9976
2,9977
0,9978
1,9979
0,9980
2,9981
0,9982
1,9983
2,9984
3,9985
1,9986
1,9987
0,9988
1,9989
0,9990
1,9991
3,9992
0,9993
0,9994
2,9995
1,9996
2,9997
0,9998
2,9999
0,10000
0,10001
0,10002
0,10003
0,10004
0,10005
0,10006
0,10007
0,10008
0,10009
0,10010
0,10011
0,10012
0,10013
0,10014
0,10015
0,10016
0,10017
0,10018
0,10019
0,10020
0,10021
0,10022
0,10023
0,10024
0,10025
0,10026
0,10027
0,10028
0,10029
0,10030
0,10031
0,10032
0,10033
0,10034
0,10035
0,10036
0,10037
0,10038
0,10039
0,10040
0,10041
0,10042
0,10043
0,10044
0,10045
0,10046
0,10047
0,10048
0,10049
0,10050
0,10051
0,10052
0,10053
0,10054
0,10055
0,10056
0,10057
0,10058
0,10059
0,10060
0,10061
0,10062
0,10063
0,10064
0,10065
0,10066
0,10067
0,10068
0,10069
0,10070
0,10071
0,10072
0,10073
0,10074
0,10075
0,10076
0,10077
0,10078
0,10079
0,10080
0,10081
0,10082
0,10083
0,10084
0,10085
0,10086
0,10087
0,10088
0,10089
0,10090
0,10091
0,10092
0,10093
0,10094
0,10095
0,10096
0,10097
0,10098
0,10099
0,10100
0,10101
0,10102
0,10103
0,10104
0,10105
0,10106
0,10107
0,10108
0,10109
0,10110
0,10111
0,10112
0,10113
0,10114
0,10115
0,10116
0,10117
0,10118
0,10119
0,10120
0,10121
0,10122
0,10123
0,10124
0,10125
0,10126
0,10127
0,10128
0,10129
0,10130
0,10131
0,10132
0,10133
0,10134
0,10135
0,10136
0,10137
0,10138
0,10139
0,10140
0,10141
0,10142
0,10143
0,10144
0,10145
0,10146
0,10147
0,10148
0,10149
0,10150
0,10151
0,10152
0,10153
0,10154
0,10155
0,10156
0,10157
0,10158
0,10159
0,10160
0,10161
0,10162
0,10163
0,10164
0,10165
0,10166
0,10167
0,10168
0,10169
0,10170
0,10171
0,10172
0,10173
0,10174
0,10175
0,10176
0,10177
0,10178
0,10179
0,10180
0,10181
0,10182
0,10183
0,10184
0,10185
0,10186
0,10187
0,10188
0,10189
0,10190
0,10191
0,10192
0,10193
0,10194
0,10195
0,10196
0,10197
0,10198
0,10199
0,10200
0,10201
0,10202
0,10203
0,10204
0,10205
0,10206
0,10207
0,10208
0,10209
0,10210
0,10211
0,10212
0,10213
0,10214
0,10215
0,10216
0,10217
0,10218
0,10219
0,10220
0,10221
0,10222
0,10223
0,10224
0,10225
0,10226
0,10227
0,10228
0,10229
0,10230
0,10231
0,10232
0,10233
0,10234
0,10235
0,10236
0,10237
0,10238
0,10239
0,10240
0,10241
0,10242
0,10243
0,10244
0,10245
0,10246
0,10247
0,10248
0,10249
0,10250
0,10251
0,10252
0,10253
0,10254
0,10255
0,10256
0,10257
0,10258
0,10259
0,10260
0,10261
0,10262
0,10263
0,10264
0,10265
0,10266
0,10267
0,10268
0,10269
0,10270
0,10271
0,10272
0,10273
0,10274
0,10275
0,10276
0,10277
0,10278
0,10279
0,10280
0,10281
0,10282
0,10283
0,10284
0,10285
0,10286
0,10287
0,10288
0,10289
0,10290
0,10291
0,10292
0,10293
0,10294
0,10295
0,10296
0,10297
0,10298
0,10299
0,10300
0,10301
0,10302
0,10303
0,10304
0,10305
0,10306
0,10307
0,10308
0,10309
0,10310
0,10311
0,10312
0,10313
0,10314
0,10315
0,10316
0,10317
0,10318
0,10319
0,10320
0,10321
0,10322
0,10323
0,10324
0,10325
0,10326
0,10327
0,10328
0,10329
0,10330
0,10331
0,10332
0,10333
0,10334
0,10335
0,10336
0,10337
0,10338
0,10339
0,10340
0,10341
0,10342
0,10343
0,10344
0,10345
0,10346
0,10347
0,10348
0,10349
0,10350
0,10351
0,10352
0,10353
0,10354
0,10355
0,10356
0,10357
0,10358
0,10359
0,10360
0,10361
0,10362
0,10363
0,10364
0,10365
0,10366
0,10367
0,10368
0,10369
0,10370
0,10371
0,10372
0,10373
0,10374
0,10375
0,10376
0,10377
0,10378
0,10379
0,10380
0,10381
0,10382
0,10383
0,10384
0,10385
0,10386
0,10387
0,10388
0,10389
0,10390
0,10391
0,10392
0,10393
0,10394
0,10395
0,10396
0,10397
0,10398
0,10399
0,10400
0,10401
0,10402
0,10403
0,10404
0,10405
0,10406
0,10407
0,10408
0,10409
0,10410
0,10411
0,10412
0,10413
0,10414
0,10415
0,10416
0,10417
0,10418
0,10419
0,10420
0,10421
0,10422
0,10423
0,10424
0,10425
0,10426
0,10427
0,10428
0,10429
0,10430
0,10431
0,10432
0,10433
0,10434
0,10435
0,10436
0,10437
0,10438
0,10439
0,10440
0,10441
0,10442
0,10443
0,10444
0,10445
0,10446
0,10447
0,10448
0,10449
0,10450
0,10451
0,10452
0,10453
0,10454
0,10455
0,10456
0,10457
0,10458
0,10459
0,10460
0,10461
0,10462
0,10463
0,10464
0,10465
0,10466
0,10467
0,10468
0,10469
0,10470
0,10471
0,10472
0,10473
0,10474
0,10475
0,10476
0,10477
0,10478
0,10479
0,10480
0,10481
0,10482
0,10483
0,10484
0,10485
0,10486
0,10487
0,10488
0,10489
0,10490
0,10491
0,10492
0,10493
0,10494
0,10495
0,10496
1,10497
1,10498
1,10499
1,10500
1,10501
1,10502
1,10503
1,10504
1,10505
1,10506
1,10507
1,10508
1,10509
1,10510
1,10511
1,10512
1,10513
1,10514
1,10515
1,10516
1,10517
1,10518
1,10519
1,10520
1,10521
1,10522
1,10523
1,10524
1,10525
1,10526
1,10527
1,10528
1,10529
1,10530
1,10531
1,10532
1,10533
1,10534
1,10535
1,10536
1,10537
1,10538
1,10539
1,10540
1,10541
1,10542
1,10543
1,10544
1,10545
1,10546
1,10547
1,10548
1,10549
1,10550
1,10551
1,10552
1,10553
1,10554
1,10555
1,10556
1,10557
1,10558
1,10559
1,10560
1,10561
1,10562
1,10563
1,10564
1,10565
1,10566
1,10567
1,10568
1,10569
1,10570
1,10571
1,10572
1,10573
1,10574
1,10575
1,10576
1,10577
1,10578
1,10579
1,10580
1,10581
1,10582
1,10583
1,10584
1,10585
1,10586
1,10587
1,10588
1,10589
1,10590
1,10591
1,10592
1,10593
1,10594
1,10595
1,10596
1,10597
1,10598
1,10599
1,10600
1,10601
1,10602
1,10603
1,10604
1,10605
1,10606
1,10607
1,10608
1,10609
1,10610
1,10611
1,10612
1,10613
1,10614
1,10615
1,10616
1,10617
1,10618
1,10619
1,10620
1,10621
1,10622
1,10623
1,10624
1,10625
1,10626
1,10627
1,10628
1,10629
1,10630
1,10631
1,10632
1,10633
1,10634
1,10635
1,10636
1,10637
1,10638
1,10639
1,10640
1,10641
1,10642
1,10643
1,10644
1,10645
1,10646
1,10647
1,10648
1,10649
1,10650
1,10651
1,10652
1,10653
1,10654
1,10655
1,10656
1,10657
1,10658
1,10659
1,10660
1,10661
1,10662
1,10663
1,10664
1,10665
1,10666
1,10667
1,10668
1,10669
1,10670
1,10671
1,10672
1,10673
1,10674
1,10675
1,10676
1,10677
1,10678
1,10679
1,10680
1,10681
1,10682
1,10683
1,10684
1,10685
1,10686
1,10687
1,10688
1,10689
1,10690
1,10691
1,10692
1,10693
1,10694
1,10695
1,10696
1,10697
1,10698
1,10699
1,10700
1,10701
1,10702
1,10703
1,10704
1,10705
1,10706
1,10707
1,10708
1,10709
1,10710
1,10711
1,10712
1,10713
1,10714
1,10715
1,10716
1,10717
1,10718
1,10719
1,10720
1,10721
1,10722
1,10723
1,10724
1,10725
1,10726
1,10727
1,10728
1,10729
1,10730
1,10731
1,10732
1,10733
1,10734
1,10735
1,10736
1,10737
1,10738
1,10739
1,10740
1,10741
1,10742
1,10743
1,10744
1,10745
1,10746
1,10747
1,10748
1,10749
1,10750
1,10751
1,10752
1,10753
1,10754
1,10755
1,10756
1,10757
1,10758
1,10759
1,10760
1,10761
1,10762
1,10763
1,10764
1,10765
1,10766
1,10767
1,10768
1,10769
1,10770
1,10771
1,10772
1,10773
1,10774
1,10775
1,10776
1,10777
1,10778
1,10779
1,10780
1,10781
1,10782
1,10783
1,10784
1,10785
1,10786
1,10787
1,10788
1,10789
1,10790
1,10791
1,10792
1,10793
1,10794
1,10795
1,10796
1,10797
1,10798
1,10799
1,10800
1,10801
1,10802
1,10803
1,10804
1,10805
1,10806
1,10807
1,10808
1,10809
1,10810
1,10811
1,10812
1,10813
1,10814
1,10815
1,10816
1,10817
1,10818
1,10819
1,10820
1,10821
1,10822
1,10823
1,10824
1,10825
1,10826
1,10827
1,10828
1,10829
1,10830
1,10831
1,10832
1,10833
1,10834
1,10835
1,10836
1,10837
1,10838
1,10839
1,10840
1,10841
1,10842
1,10843
1,10844
1,10845
1,10846
1,10847
1,10848
1,10849
1,10850
1,10851
1,10852
1,10853
1,10854
1,10855
1,10856
1,10857
1,10858
1,10859
1,10860
1,10861
1,10862
1,10863
1,10864
1,10865
1,10866
1,10867
1,10868
1,10869
1,10870
1,10871
1,10872
1,10873
1,10874
1,10875
1,10876
1,10877
1,10878
1,10879
1,10880
1,10881
1,10882
1,10883
1,10884
1,10885
1,10886
1,10887
1,10888
1,10889
1,10890
1,10891
1,10892
1,10893
1,10894
1,10895
1,10896
1,10897
1,10898
1,10899
1,10900
1,10901
1,10902
1,10903
1,10904
1,10905
1,10906
1,10907
1,10908
1,10909
1,10910
1,10911
1,10912
1,10913
1,10914
1,10915
1,10916
1,10917
1,10918
1,10919
1,10920
1,10921
1,10922
1,10923
1,10924
1,10925
1,10926
1,10927
1,10928
1,10929
1,10930
1,10931
1,10932
1,10933
1,10934
1,10935
1,10936
1,10937
1,10938
1,10939
1,10940
1,10941
1,10942
1,10943
1,10944
1,10945
1,10946
1,10947
1,10948
1,10949
1,10950
1,10951
1,10952
1,10953
1,10954
1,10955
1,10956
1,10957
1,10958
1,10959
1,10960
1,10961
1,10962
1,10963
1,10964
1,10965
1,10966
1,10967
1,10968
1,10969
1,10970
1,10971
1,10972
1,10973
1,10974
1,10975
1,10976
1,10977
1,10978
1,10979
1,10980
1,10981
1,10982
1,10983
1,10984
1,10985
1,10986
1,10987
1,10988
1,10989
1,10990
1,10991
1,10992
1,10993
2,10994
2,10995
2,10996
2,10997
2,10998
2,10999
2,11000
2,11001
2,11002
2,11003
2,11004
2,11005
2,11006
2,11007
2,11008
2,11009
2,11010
2,11011
2,11012
2,11013
2,11014
2,11015
2,11016
2,11017
2,11018
2,11019
2,11020
2,11021
2,11022
2,11023
2,11024
2,11025
2,11026
2,11027
2,11028
2,11029
2,11030
2,11031
2,11032
2,11033
2,11034
2,11035
2,11036
2,11037
2,11038
2,11039
2,11040
2,11041
2,11042
2,11043
2,11044
2,11045
2,11046
2,11047
2,11048
2,11049
2,11050
2,11051
2,11052
2,11053
2,11054
2,11055
2,11056
2,11057
2,11058
2,11059
2,11060
2,11061
2,11062
2,11063
2,11064
2,11065
2,11066
2,11067
2,11068
2,11069
2,11070
2,11071
2,11072
2,11073
2,11074
2,11075
2,11076
2,11077
2,11078
2,11079
2,11080
2,11081
2,11082
2,11083
2,11084
2,11085
2,11086
2,11087
2,11088
2,11089
2,11090
2,11091
2,11092
2,11093
2,11094
2,11095
2,11096
2,11097
2,11098
2,11099
2,11100
2,11101
2,11102
2,11103
2,11104
2,11105
2,11106
2,11107
2,11108
2,11109
2,11110
2,11111
2,11112
2,11113
2,11114
2,11115
2,11116
2,11117
2,11118
2,11119
2,11120
2,11121
2,11122
2,11123
2,11124
2,11125
2,11126
2,11127
2,11128
2,11129
2,11130
2,11131
2,11132
2,11133
2,11134
2,11135
2,11136
2,11137
2,11138
2,11139
2,11140
2,11141
2,11142
2,11143
2,11144
2,11145
2,11146
2,11147
2,11148
2,11149
2,11150
2,11151
2,11152
2,11153
2,11154
2,11155
2,11156
2,11157
2,11158
2,11159
2,11160
2,11161
2,11162
2,11163
2,11164
2,11165
2,11166
2,11167
2,11168
2,11169
2,11170
2,11171
2,11172
2,11173
2,11174
2,11175
2,11176
2,11177
2,11178
2,11179
2,11180
2,11181
2,11182
2,11183
2,11184
2,11185
2,11186
2,11187
2,11188
2,11189
2,11190
2,11191
2,11192
2,11193
2,11194
2,11195
2,11196
2,11197
2,11198
2,11199
2,11200
2,11201
2,11202
2,11203
2,11204
2,11205
2,11206
2,11207
2,11208
2,11209
2,11210
2,11211
2,11212
2,11213
2,11214
2,11215
2,11216
2,11217
2,11218
2,11219
2,11220
2,11221
2,11222
2,11223
2,11224
2,11225
2,11226
2,11227
2,11228
2,11229
2,11230
2,11231
2,11232
2,11233
2,11234
2,11235
2,11236
2,11237
2,11238
2,11239
2,11240
2,11241
2,11242
2,11243
2,11244
2,11245
2,11246
2,11247
2,11248
2,11249
2,11250
2,11251
2,11252
2,11253
2,11254
2,11255
2,11256
2,11257
2,11258
2,11259
2,11260
2,11261
2,11262
2,11263
2,11264
2,11265
2,11266
2,11267
2,11268
2,11269
2,11270
2,11271
2,11272
2,11273
2,11274
2,11275
2,11276
2,11277
2,11278
2,11279
2,11280
2,11281
2,11282
2,11283
2,11284
2,11285
2,11286
2,11287
2,11288
2,11289
2,11290
2,11291
2,11292
2,11293
2,11294
2,11295
2,11296
2,11297
2,11298
2,11299
2,11300
2,11301
2,11302
2,11303
2,11304
2,11305
2,11306
2,11307
2,11308
2,11309
2,11310
2,11311
2,11312
2,11313
2,11314
2,11315
2,11316
2,11317
2,11318
2,11319
2,11320
2,11321
2,11322
2,11323
2,11324
2,11325
2,11326
2,11327
2,11328
2,11329
2,11330
2,11331
2,11332
2,11333
2,11334
2,11335
2,11336
2,11337
2,11338
2,11339
2,11340
2,11341
2,11342
2,11343
2,11344
2,11345
2,11346
2,11347
2,11348
2,11349
2,11350
2,11351
2,11352
2,11353
2,11354
2,11355
2,11356
2,11357
2,11358
2,11359
2,11360
2,11361
2,11362
2,11363
2,11364
2,11365
2,11366
2,11367
2,11368
2,11369
2,11370
2,11371
2,11372
2,11373
2,11374
2,11375
2,11376
2,11377
2,11378
2,11379
2,11380
2,11381
2,11382
2,11383
2,11384
2,11385
2,11386
2,11387
2,11388
2,11389
2,11390
2,11391
2,11392
2,11393
2,11394
2,11395
2,11396
2,11397
2,11398
2,11399
2,11400
2,11401
2,11402
2,11403
2,11404
2,11405
2,11406
2,11407
2,11408
2,11409
2,11410
2,11411
2,11412
2,11413
2,11414
2,11415
2,11416
2,11417
2,11418
2,11419
2,11420
2,11421
2,11422
2,11423
2,11424
2,11425
2,11426
2,11427
2,11428
2,11429
2,11430
2,11431
2,11432
2,11433
2,11434
2,11435
2,11436
2,11437
2,11438
2,11439
2,11440
2,11441
2,11442
2,11443
2,11444
2,11445
2,11446
2,11447
2,11448
2,11449
2,11450
2,11451
2,11452
2,11453
2,11454
2,11455
2,11456
2,11457
2,11458
2,11459
2,11460
2,11461
2,11462
2,11463
2,11464
2,11465
2,11466
2,11467
2,11468
2,11469
2,11470
2,11471
2,11472
2,11473
2,11474
2,11475
2,11476
2,11477
2,11478
2,11479
2,11480
2,11481
2,11482
2,11483
2,11484
2,11485
2,11486
2,11487
2,11488
2,11489
2,11490
3,11491
3,11492
3,11493
3,11494
3,11495
3,11496
3,11497
3,11498
3,11499
3,11500
3,11501
3,11502
3,11503
3,11504
3,11505
3,11506
3,11507
3,11508
3,11509
3,11510
3,11511
3,11512
3,11513
3,11514
3,11515
3,11516
3,11517
3,11518
3,11519
3,11520
3,11521
3,11522
3,11523
3,11524
3,11525
3,11526
3,11527
3,11528
3,11529
3,11530
3,11531
3,11532
3,11533
3,11534
3,11535
3,11536
3,11537
3,11538
3,11539
3,11540
3,11541
3,11542
3,11543
3,11544
3,11545
3,11546
3,11547
3,11548
3,11549
3,11550
3,11551
3,11552
3,11553
3,11554
3,11555
3,11556
3,11557
3,11558
3,11559
3,11560
3,11561
3,11562
3,11563
3,11564
3,11565
3,11566
3,11567
3,11568
3,11569
3,11570
3,11571
3,11572
3,11573
3,11574
3,11575
3,11576
3,11577
3,11578
3,11579
3,11580
3,11581
3,11582
3,11583
3,11584
3,11585
3,11586
3,11587
3,11588
3,11589
3,11590
3,11591
3,11592
3,11593
3,11594
3,11595
3,11596
3,11597
3,11598
3,11599
3,11600
3,11601
3,11602
3,11603
3,11604
3,11605
3,11606
3,11607
3,11608
3,11609
3,11610
3,11611
3,11612
3,11613
3,11614
3,11615
3,11616
3,11617
3,11618
3,11619
3,11620
3,11621
3,11622
3,11623
3,11624
3,11625
3,11626
3,11627
3,11628
3,11629
3,11630
3,11631
3,11632
3,11633
3,11634
3,11635
3,11636
3,11637
3,11638
3,11639
3,11640
3,11641
3,11642
3,11643
3,11644
3,11645
3,11646
3,11647
3,11648
3,11649
3,11650
3,11651
3,11652
3,11653
3,11654
3,11655
3,11656
3,11657
3,11658
3,11659
3,11660
3,11661
3,11662
3,11663
3,11664
3,11665
3,11666
3,11667
3,11668
3,11669
3,11670
3,11671
3,11672
3,11673
3,11674
3,11675
3,11676
3,11677
3,11678
3,11679
3,11680
3,11681
3,11682
3,11683
3,11684
3,11685
3,11686
3,11687
3,11688
3,11689
3,11690
3,11691
3,11692
3,11693
3,11694
3,11695
3,11696
3,11697
3,11698
3,11699
3,11700
3,11701
3,11702
3,11703
3,11704
3,11705
3,11706
3,11707
3,11708
3,11709
3,11710
3,11711
3,11712
3,11713
3,11714
3,11715
3,11716
3,11717
3,11718
3,11719
3,11720
3,11721
3,11722
3,11723
3,11724
3,11725
3,11726
3,11727
3,11728
3,11729
3,11730
3,11731
3,11732
3,11733
3,11734
3,11735
3,11736
3,11737
3,11738
3,11739
3,11740
3,11741
3,11742
3,11743
3,11744
3,11745
3,11746
3,11747
3,11748
3,11749
3,11750
3,11751
3,11752
3,11753
3,11754
3,11755
3,11756
3,11757
3,11758
3,11759
3,11760
3,11761
3,11762
3,11763
3,11764
3,11765
3,11766
3,11767
3,11768
3,11769
3,11770
3,11771
3,11772
3,11773
3,11774
3,11775
3,11776
3,11777
3,11778
3,11779
3,11780
3,11781
3,11782
3,11783
3,11784
3,11785
3,11786
3,11787
3,11788
3,11789
3,11790
3,11791
3,11792
3,11793
3,11794
3,11795
3,11796
3,11797
3,11798
3,11799
3,11800
3,11801
3,11802
3,11803
3,11804
3,11805
3,11806
3,11807
3,11808
3,11809
3,11810
3,11811
3,11812
3,11813
3,11814
3,11815
3,11816
3,11817
3,11818
3,11819
3,11820
3,11821
3,11822
3,11823
3,11824
3,11825
3,11826
3,11827
3,11828
3,11829
3,11830
3,11831
3,11832
3,11833
3,11834
3,11835
3,11836
3,11837
3,11838
3,11839
3,11840
3,11841
3,11842
3,11843
3,11844
3,11845
3,11846
3,11847
3,11848
3,11849
3,11850
3,11851
3,11852
3,11853
3,11854
3,11855
3,11856
3,11857
3,11858
3,11859
3,11860
3,11861
3,11862
3,11863
3,11864
3,11865
3,11866
3,11867
3,11868
3,11869
3,11870
3,11871
3,11872
3,11873
3,11874
3,11875
3,11876
3,11877
3,11878
3,11879
3,11880
3,11881
3,11882
3,11883
3,11884
3,11885
3,11886
3,11887
3,11888
3,11889
3,11890
3,11891
3,11892
3,11893
3,11894
3,11895
3,11896
3,11897
3,11898
3,11899
3,11900
3,11901
3,11902
3,11903
3,11904
3,11905
3,11906
3,11907
3,11908
3,11909
3,11910
3,11911
3,11912
3,11913
3,11914
3,11915
3,11916
3,11917
3,11918
3,11919
3,11920
3,11921
3,11922
3,11923
3,11924
3,11925
3,11926
3,11927
3,11928
3,11929
3,11930
3,11931
3,11932
3,11933
3,11934
3,11935
3,11936
3,11937
3,11938
3,11939
3,11940
3,11941
3,11942
3,11943
3,11944
3,11945
3,11946
3,11947
3,11948
3,11949
3,11950
3,11951
3,11952
3,11953
3,11954
3,11955
3,11956
3,11957
3,11958
3,11959
3,11960
3,11961
3,11962
3,11963
3,11964
3,11965
3,11966
3,11967
3,11968
3,11969
3,11970
3,11971
3,11972
3,11973
3,11974
3,11975
3,11976
3,11977
3,11978
3,11979
3,11980
